1 0 move 57 13
1 1 move 51 5
1 2 move 22 17
1 3 move 40 9
1 4 move 40 14
2 0 move 56 13
2 1 move 50 5
2 2 move 22 18
2 3 move 40 10
2 4 move 40 15
3 0 move 55 13
3 1 move 49 5
3 2 move 22 19
3 3 move 40 11
3 4 move 40 16
4 0 move 54 13
4 1 move 48 5
4 2 move 22 20
4 3 move 40 12
4 4 move 39 16
5 0 move 53 13
5 1 move 47 5
5 2 move 22 21
5 3 move 40 13
5 4 move 38 16
6 0 move 52 13
6 1 move 46 5
6 2 move 22 22
6 3 move 40 14
6 4 move 37 16
7 0 move 51 13
7 1 move 45 5
7 2 move 22 23
7 3 move 40 15
7 4 move 36 16
8 0 move 50 13
8 1 move 44 5
8 2 move 22 24
8 3 move 40 16
8 4 move 35 16
9 0 move 49 13
9 1 move 44 6
9 2 move 22 25
9 3 move 39 16
9 4 move 34 16
10 0 move 48 13
10 1 move 44 7
10 2 move 22 26
10 3 move 38 16
10 4 move 33 16
11 0 move 47 13
11 1 move 44 8
11 2 move 22 27
11 3 move 37 16
11 4 move 32 16
12 0 move 47 14
12 1 move 44 9
12 2 move 22 28
12 3 move 36 16
12 4 move 31 16
13 0 move 47 15
13 1 move 44 10
13 2 move 23 28
13 3 move 35 16
13 4 move 30 16
14 0 move 47 16
14 1 move 44 11
14 2 dock 24 28
14 3 move 34 16
14 4 move 29 16
15 0 move 46 16
15 1 move 44 12
15 2 move 22 28
15 3 move 33 16
15 4 move 28 16
16 0 move 45 16
16 1 move 44 13
16 2 move 21 28
16 3 move 32 16
16 4 move 27 16
17 0 move 44 16
17 1 dock 45 13
17 2 move 20 28
17 3 move 31 16
17 4 move 26 16
18 0 move 43 16
18 1 move 43 13
18 2 move 19 28
18 3 move 30 16
18 4 move 25 16
19 0 move 42 16
19 1 move 42 13
19 2 move 19 29
19 3 move 29 16
19 4 move 24 16
20 0 move 41 16
20 1 move 41 13
20 2 move 19 30
20 3 move 28 16
20 4 move 23 16
21 0 move 40 16
21 1 move 40 13
21 2 move 19 31
21 3 move 27 16
21 4 move 22 16
22 0 move 39 16
22 1 move 40 12
22 2 move 19 32
22 3 move 26 16
22 4 move 21 16
23 0 move 38 16
23 1 move 40 11
23 2 move 18 32
23 3 move 25 16
23 4 move 20 16
24 0 move 37 16
24 1 move 40 10
24 2 move 17 32
24 3 move 24 16
24 4 move 19 16
25 0 move 36 16
25 1 move 40 9
25 2 move 16 32
25 3 move 23 16
25 4 move 19 15
26 0 move 35 16
26 1 move 40 8
26 2 undock 17 32
26 3 move 23 15
26 4 move 19 14
27 0 move 34 16
27 1 move 40 7
27 2 move 16 33
27 3 dock 24 15
27 4 move 19 13
28 0 move 33 16
28 1 move 40 6
28 2 move 17 33
28 3 move 22 15
28 4 move 19 12
29 0 move 32 16
29 1 move 40 5
29 2 move 18 33
29 3 move 21 15
29 4 dock 18 12
30 0 move 31 16
30 1 move 39 5
30 2 move 18 32
30 3 move 20 15
30 4 move 20 12
31 0 move 30 16
31 1 move 38 5
31 2 move 19 32
31 3 move 19 15
31 4 move 20 13
32 0 move 29 16
32 1 move 37 5
32 2 move 19 31
32 3 move 19 16
32 4 move 20 14
33 0 move 28 16
33 1 undock 38 5
33 2 move 19 30
33 3 move 19 17
33 4 move 20 15
34 0 move 27 16
34 1 move 36 5
34 2 move 19 29
34 3 move 19 18
34 4 move 20 16
35 0 move 26 16
35 1 move 35 5
35 2 move 19 28
35 3 move 19 19
35 4 move 20 17
36 0 move 25 16
36 1 move 34 5
36 2 move 19 27
36 3 move 19 20
36 4 move 20 18
37 0 move 24 16
37 1 move 33 5
37 2 move 19 26
37 3 move 19 21
37 4 move 20 19
38 0 move 23 16
38 1 move 32 5
38 2 move 20 26
38 3 move 19 22
38 4 move 20 20
39 0 move 22 16
39 1 move 31 5
39 2 move 21 26
39 3 move 19 23
39 4 move 20 21
40 0 move 21 16
40 1 move 30 5
40 2 move 22 26
40 3 move 19 24
40 4 move 20 22
41 0 move 20 16
41 1 move 29 5
41 2 move 23 26
41 3 move 19 25
41 4 move 20 23
42 0 move 19 16
42 1 move 28 5
42 2 dock 24 26
42 3 move 19 26
42 4 move 20 24
43 0 move 18 16
43 1 move 27 5
43 2 move 22 26
43 3 move 19 27
43 4 move 20 25
44 0 move 17 16
44 1 move 26 5
44 2 move 21 26
44 3 move 19 28
44 4 move 20 26
45 0 move 16 16
45 1 move 26 6
45 2 move 20 26
45 3 move 19 29
45 4 move 20 27
46 0 move 15 16
46 1 move 26 7
46 2 move 20 27
46 3 move 19 30
46 4 move 20 28
47 0 move 14 16
47 1 move 26 8
47 2 move 20 28
47 3 move 19 31
47 4 move 20 29
48 0 move 13 16
48 1 move 26 9
48 2 move 20 29
48 3 move 19 32
48 4 move 20 30
49 0 move 12 16
49 1 move 26 10
49 2 move 20 30
49 3 move 18 32
49 4 move 20 31
50 0 move 11 16
50 1 move 26 11
50 2 move 20 31
50 3 move 18 33
50 4 move 20 32
51 0 move 10 16
51 1 dock 25 11
51 2 move 20 32
51 3 move 17 33
51 4 move 19 32
52 0 move 9 16
52 1 move 27 11
52 2 move 20 33
52 3 move 16 33
52 4 undock 18 32
53 0 move 9 17
53 1 move 27 10
53 2 move 19 33
53 3 undock 17 33
53 4 move 20 32
54 0 move 9 18
54 1 move 27 9
54 2 move 18 33
54 3 move 16 32
54 4 move 21 32
55 0 move 9 19
55 1 move 27 8
55 2 move 18 34
55 3 move 16 31
55 4 move 22 32
56 0 move 9 20
56 1 move 27 7
56 2 move 17 34
56 3 move 16 30
56 4 move 23 32
57 0 move 9 21
57 1 move 27 6
57 2 move 16 34
57 3 move 16 29
57 4 move 24 32
58 0 move 9 22
58 1 move 27 5
58 2 undock 17 34
58 3 move 16 28
58 4 move 25 32
59 0 move 9 23
59 1 move 28 5
59 2 move 16 35
59 3 move 16 27
59 4 move 26 32
60 0 move 9 24
60 1 move 29 5
60 2 move 17 35
60 3 move 16 26
60 4 move 26 31
61 0 move 9 25
61 1 move 30 5
61 2 move 18 35
61 3 move 16 25
61 4 move 26 30
62 0 move 9 26
62 1 move 31 5
62 2 move 18 34
62 3 move 16 24
62 4 move 26 29
63 0 move 9 27
63 1 move 32 5
63 2 move 18 33
63 3 move 16 23
63 4 move 26 28
64 0 dock 10 27
64 1 move 33 5
64 2 move 19 33
64 3 move 16 22
64 4 move 26 27
65 0 move 8 27
65 1 move 34 5
65 2 move 20 33
65 3 move 16 21
65 4 dock 25 27
66 0 move 8 28
66 1 move 35 5
66 2 move 21 33
66 3 move 16 20
66 4 move 27 27
67 0 move 8 29
67 1 move 36 5
67 2 move 22 33
67 3 move 16 19
67 4 move 27 28
68 0 move 8 30
68 1 move 37 5
68 2 move 23 33
68 3 move 16 18
68 4 move 27 29
69 0 move 8 31
69 1 move 37 4
69 2 move 24 33
69 3 move 16 17
69 4 move 27 30
70 0 move 8 32
70 1 move 38 4
70 2 move 25 33
70 3 move 16 16
70 4 move 27 31
71 0 move 8 33
71 1 move 39 4
71 2 move 26 33
71 3 move 17 16
71 4 move 27 32
72 0 move 8 34
72 1 move 40 4
72 2 move 27 33
72 3 move 18 16
72 4 move 26 32
73 0 move 8 35
73 1 move 40 5
73 2 move 27 32
73 3 move 19 16
73 4 move 25 32
74 0 move 9 35
74 1 undock 39 5
74 2 move 28 32
74 3 move 20 16
74 4 move 24 32
75 0 move 10 35
75 1 move 40 6
75 2 move 29 32
75 3 move 21 16
75 4 move 23 32
76 0 move 11 35
76 1 move 40 7
76 2 move 30 32
76 3 move 22 16
76 4 move 22 32
77 0 move 12 35
77 1 move 40 8
77 2 move 31 32
77 3 move 23 16
77 4 move 21 32
78 0 move 13 35
78 1 move 40 9
78 2 move 32 32
78 3 move 24 16
78 4 move 20 32
79 0 move 14 35
79 1 move 40 10
79 2 move 33 32
79 3 move 25 16
79 4 move 20 33
80 0 move 15 35
80 1 move 40 11
80 2 move 34 32
80 3 move 26 16
80 4 move 19 33
81 0 move 16 35
81 1 move 41 11
81 2 move 35 32
81 3 move 27 16
81 4 move 19 34
82 0 undock 17 35
82 1 move 42 11
82 2 move 36 32
82 3 move 28 16
82 4 undock 18 34
83 0 move 16 36
83 1 move 43 11
83 2 move 37 32
83 3 move 29 16
83 4 move 19 33
84 0 move 17 36
84 1 move 44 11
84 2 move 38 32
84 3 move 30 16
84 4 move 19 32
85 0 move 18 36
85 1 dock 45 11
85 2 move 39 32
85 3 move 31 16
85 4 move 20 32
86 0 move 18 35
86 1 move 43 11
86 2 move 40 32
86 3 move 32 16
86 4 move 21 32
87 0 move 19 35
87 1 move 42 11
87 2 move 40 31
87 3 move 33 16
87 4 move 22 32
88 0 move 19 34
88 1 move 41 11
88 2 move 40 30
88 3 move 33 15
88 4 move 23 32
89 0 move 19 33
89 1 move 40 11
89 2 move 40 29
89 3 move 34 15
89 4 move 24 32
90 0 move 19 32
90 1 move 40 10
90 2 move 40 28
90 3 move 35 15
90 4 move 25 32
91 0 move 19 31
91 1 move 40 9
91 2 move 40 27
91 3 move 36 15
91 4 move 26 32
92 0 move 19 30
92 1 move 40 8
92 2 move 40 26
92 3 move 37 15
92 4 move 27 32
93 0 move 19 29
93 1 move 40 7
93 2 move 41 26
93 3 dock 38 15
93 4 move 28 32
94 0 move 19 28
94 1 move 40 6
94 2 move 42 26
94 3 move 37 16
94 4 move 29 32
95 0 move 19 27
95 1 move 40 5
95 2 move 43 26
95 3 move 37 17
95 4 move 30 32
96 0 pick 18 27
96 1 move 40 4
96 2 move 44 26
96 3 move 37 18
96 4 move 31 32
97 0 pick 18 27
97 1 move 39 4
97 2 dock 45 26
97 3 move 37 19
97 4 move 32 32
98 0 pick 18 27
98 1 move 38 4
98 2 move 43 26
98 3 move 37 20
98 4 move 33 32
99 0 pick 18 27
99 1 move 37 4
99 2 move 42 26
99 3 move 37 21
99 4 move 34 32
100 0 pick 18 27
100 1 undock 38 4
100 2 move 41 26
100 3 move 36 21
100 4 move 35 32
101 0 move 19 28
101 1 move 37 3
101 2 move 40 26
101 3 move 36 22
101 4 move 36 32
102 0 move 19 29
102 1 move 38 3
102 2 move 40 27
102 3 move 36 23
102 4 move 37 32
103 0 move 19 30
103 1 move 39 3
103 2 move 40 28
103 3 move 36 24
103 4 move 38 32
104 0 move 19 31
104 1 move 39 4
104 2 move 40 29
104 3 move 36 25
104 4 move 39 32
105 0 move 19 32
105 1 move 40 4
105 2 move 40 30
105 3 move 36 26
105 4 move 40 32
106 0 move 19 33
106 1 move 40 5
106 2 move 40 31
106 3 move 36 27
107 0 move 19 34
107 1 move 40 6
107 2 move 40 32
107 3 move 36 28
107 4 move 40 31
108 0 move 19 35
108 1 move 40 7
108 2 move 39 32
108 3 move 36 29
108 4 move 40 30
109 0 move 19 36
109 1 move 40 8
109 2 move 38 32
109 3 move 36 30
109 4 move 40 29
110 0 move 19 37
110 1 move 40 9
110 2 move 37 32
110 3 move 36 31
110 4 move 40 28
111 0 move 19 38
111 1 move 40 10
111 2 move 37 33
111 3 move 36 32
111 4 move 40 27
112 0 move 19 39
112 1 move 40 11
112 2 undock 38 33
112 3 move 37 32
112 4 move 40 26
113 0 fulfill 19 39
113 1 pick 39 11
113 2 move 36 33
113 3 undock 38 32
113 4 move 40 25
114 0 move 18 39
114 1 pick 39 11
114 2 move 35 33
114 3 move 37 33
114 4 move 40 24
115 0 move 17 39
115 1 pick 39 11
115 2 move 34 33
115 3 move 37 34
115 4 move 40 23
116 0 move 16 39
116 1 pick 39 11
116 2 move 33 33
116 3 move 38 34
116 4 move 40 22
117 0 move 16 38
117 1 pick 39 11
117 2 move 33 32
117 3 move 39 34
117 4 dock 39 22
118 0 move 16 37
118 1 pick 39 11
118 2 move 33 31
118 3 move 39 33
118 4 move 41 22
119 0 move 16 36
119 1 pick 39 11
119 2 pick 32 31
119 3 move 39 32
119 4 move 41 23
120 0 move 16 35
120 1 pick 39 11
120 2 move 33 30
120 3 move 40 32
120 4 move 41 24
121 0 move 16 34
121 1 pick 39 11
121 2 move 33 29
121 3 move 40 31
121 4 move 41 25
122 0 move 16 33
122 1 move 40 10
122 2 move 33 28
122 3 move 40 30
122 4 move 41 26
123 0 move 16 32
123 1 move 40 9
123 2 move 33 27
123 3 move 40 29
123 4 move 41 27
124 0 pick 17 32
124 1 move 40 8
124 2 pick 32 27
124 4 move 41 28
125 0 move 16 33
125 1 move 40 7
125 2 pick 32 27
125 3 move 40 28
125 4 move 41 29
126 0 move 16 34
126 1 move 40 6
126 2 pick 32 27
126 3 pick 39 28
126 4 move 41 30
127 0 move 16 35
127 1 move 40 5
127 2 pick 32 27
127 3 pick 39 28
127 4 move 41 31
128 0 move 16 36
128 1 move 40 4
128 2 pick 32 27
128 3 pick 39 28
128 4 move 41 32
129 0 move 17 36
129 1 move 40 3
129 2 pick 32 27
129 3 pick 39 28
129 4 move 40 32
130 0 move 18 36
130 1 move 40 2
130 2 pick 32 27
130 3 move 40 27
130 4 undock 39 32
131 0 move 18 35
131 1 move 40 1
131 2 move 33 26
131 3 move 40 26
131 4 move 40 31
132 0 move 19 35
132 1 move 40 0
132 2 move 33 25
132 3 move 40 25
132 4 move 40 30
133 0 move 19 34
133 1 fulfill 40 0
133 2 move 33 24
133 3 move 40 24
133 4 move 40 29
134 0 move 19 33
134 1 move 40 1
134 2 move 33 23
134 3 move 40 23
134 4 pick 39 29
135 0 move 19 32
135 1 move 40 2
135 2 move 33 22
135 3 move 40 22
135 4 move 40 28
136 0 move 19 31
136 1 move 40 3
136 2 pick 32 22
136 3 move 40 21
136 4 pick 39 28
137 0 move 19 30
137 1 move 40 4
137 2 move 33 21
137 3 move 39 21
137 4 pick 39 28
138 0 move 19 29
138 1 move 40 5
138 2 move 32 21
138 3 move 38 21
138 4 pick 39 28
139 0 move 19 28
139 1 move 40 6
139 2 move 31 21
139 3 move 37 21
139 4 move 40 27
140 0 move 19 27
140 1 move 40 7
140 2 move 30 21
140 3 move 37 22
140 4 move 40 26
141 0 pick 18 27
141 1 move 40 8
141 2 move 30 22
141 3 move 37 23
141 4 pick 39 26
142 0 pick 18 27
142 1 pick 39 8
142 2 move 30 23
142 3 move 37 24
142 4 move 40 27
143 0 pick 18 27
143 1 move 40 9
143 2 pick 31 23
143 3 move 37 25
143 4 move 40 28
144 0 pick 18 27
144 1 pick 39 9
144 2 move 30 24
144 3 pick 38 25
144 4 move 41 28
145 0 pick 18 27
145 1 pick 39 9
145 2 move 30 25
145 3 move 36 25
145 4 move 42 28
146 0 move 19 28
146 1 move 40 8
146 2 move 30 26
146 3 move 35 25
146 4 move 43 28
147 0 move 19 29
147 1 move 40 7
147 2 move 30 27
147 3 move 34 25
147 4 move 44 28
148 0 move 19 30
148 1 move 40 6
148 2 move 30 28
148 3 move 33 25
148 4 move 44 29
149 0 move 19 31
149 1 move 40 5
149 2 move 30 29
149 3 move 33 24
149 4 move 44 30
150 0 move 19 32
150 1 move 40 4
150 2 move 30 30
150 3 move 33 23
150 4 move 44 31
151 0 move 19 33
151 1 move 39 4
151 2 move 30 31
151 3 move 33 22
151 4 move 44 32
152 0 move 19 34
152 1 move 39 3
152 2 move 30 32
152 3 move 33 21
152 4 move 45 32
153 0 move 19 35
153 1 move 38 3
153 2 move 30 33
153 3 move 32 21
153 4 move 46 32
154 0 move 19 36
154 1 move 37 3
154 2 move 30 34
154 3 move 31 21
154 4 move 47 32
155 0 move 19 37
155 1 move 37 4
155 2 move 30 35
155 3 move 30 21
155 4 move 47 31
156 0 move 19 38
156 1 move 37 5
156 2 move 30 36
156 3 move 29 21
156 4 move 47 30
157 0 move 19 39
157 1 move 37 6
157 2 move 30 37
157 3 move 28 21
157 4 move 47 29
158 0 fulfill 19 39
158 1 move 37 7
158 2 move 30 38
158 3 move 27 21
158 4 move 47 28
159 0 move 18 39
159 1 move 37 8
159 2 move 30 39
159 3 move 26 21
159 4 pick 46 28
160 0 move 17 39
160 1 move 37 9
160 2 fulfill 30 39
160 3 move 26 22
160 4 move 47 29
161 0 move 16 39
161 1 pick 38 9
161 2 move 30 38
161 3 move 26 23
161 4 move 47 30
162 0 move 16 38
162 1 move 37 8
162 2 move 30 37
162 3 pick 25 23
162 4 move 47 31
163 0 move 16 37
163 1 pick 38 8
163 2 move 30 36
163 3 move 26 24
163 4 move 47 32
164 0 move 16 36
164 1 move 37 7
164 2 move 30 35
164 3 move 26 25
164 4 move 47 33
165 0 move 16 35
165 1 move 37 6
165 2 move 30 34
165 3 move 26 26
165 4 move 47 34
166 0 move 16 34
166 1 move 37 5
166 2 move 30 33
166 3 move 26 27
166 4 move 47 35
167 0 move 16 33
167 1 move 37 4
167 2 move 30 32
167 3 move 26 28
167 4 move 47 36
168 0 move 16 32
168 1 move 37 3
168 2 move 30 31
168 3 move 26 29
168 4 move 47 37
169 0 pick 17 32
169 1 move 37 2
169 2 pick 31 31
169 3 move 26 30
169 4 move 47 38
170 0 move 15 32
170 1 move 37 1
170 2 move 30 30
170 3 move 26 31
170 4 move 47 39
171 0 move 14 32
171 1 move 37 0
171 2 move 30 29
171 3 move 26 32
171 4 fulfill 47 39
172 0 move 13 32
172 1 fulfill 37 0
172 2 move 30 28
172 3 move 26 33
172 4 move 46 39
173 0 move 12 32
173 1 move 37 1
173 2 move 30 27
173 3 move 26 34
173 4 move 45 39
174 0 move 12 31
174 1 move 37 2
174 2 pick 31 27
174 3 move 26 35
174 4 move 44 39
175 0 pick 11 31
175 1 move 37 3
175 2 pick 31 27
175 3 move 26 36
175 4 move 43 39
176 0 move 13 31
176 1 move 38 3
176 2 move 29 27
176 3 move 26 37
176 4 move 42 39
177 0 move 14 31
177 1 move 39 3
177 2 move 28 27
177 3 move 26 38
177 4 move 41 39
178 0 move 15 31
178 1 move 39 4
178 2 move 27 27
178 3 move 26 39
178 4 move 40 39
179 0 move 16 31
179 1 move 40 4
179 2 move 26 27
179 3 fulfill 26 39
179 4 move 40 38
180 0 move 16 32
180 1 move 40 5
180 2 move 26 26
180 3 move 26 38
180 4 move 40 37
181 0 move 16 33
181 1 move 40 6
181 2 pick 25 26
181 3 move 26 37
181 4 move 40 36
182 0 move 16 34
182 1 move 40 7
182 2 pick 25 26
182 3 move 26 36
182 4 move 40 35
183 0 move 16 35
183 1 move 40 8
183 2 move 26 27
183 3 move 26 35
183 4 move 40 34
184 0 move 16 36
184 1 pick 39 8
184 2 move 26 28
184 3 move 26 34
184 4 move 40 33
185 0 move 17 36
185 1 move 40 9
185 2 move 26 29
185 3 move 26 33
185 4 move 40 32
186 0 move 18 36
186 1 move 40 10
186 2 move 26 30
186 3 move 26 32
186 4 move 40 31
187 0 move 18 35
187 1 move 40 11
187 2 move 27 30
187 3 move 26 31
187 4 move 40 30
188 0 move 19 35
188 1 pick 39 11
188 2 move 27 31
188 3 pick 25 31
188 4 move 40 29
189 0 move 19 34
189 1 pick 39 11
189 2 move 27 32
189 3 pick 25 31
189 4 pick 39 29
190 0 move 19 33
190 1 pick 39 11
190 2 move 27 33
190 3 move 26 32
190 4 pick 39 29
191 0 move 19 32
191 1 pick 39 11
191 2 move 26 33
191 3 move 25 32
191 4 move 40 28
192 0 move 19 31
192 1 pick 39 11
192 2 move 26 34
192 3 move 24 32
192 4 pick 39 28
193 0 move 19 30
193 1 pick 39 11
193 2 move 26 35
193 3 move 23 32
193 4 pick 39 28
194 0 move 19 29
194 1 move 40 10
194 2 move 26 36
194 3 move 23 31
194 4 pick 39 28
195 0 move 19 28
195 1 move 40 9
195 2 move 26 37
195 3 move 23 30
195 4 move 40 29
196 0 move 19 27
196 1 move 40 8
196 2 move 26 38
196 3 move 23 29
196 4 move 40 30
197 0 pick 18 27
197 1 move 40 7
197 2 move 26 39
197 3 pick 24 29
197 4 move 40 31
198 0 pick 18 27
198 1 move 40 6
198 2 fulfill 26 39
198 3 move 22 29
198 4 move 40 32
199 0 pick 18 27
199 1 move 40 5
199 2 move 26 38
199 3 move 21 29
199 4 move 40 33
200 0 pick 18 27
200 1 move 40 4
200 2 move 26 37
200 3 move 20 29
200 4 move 40 34
201 0 move 19 28
201 1 move 40 3
201 2 move 26 36
201 3 move 19 29
201 4 move 40 35
202 0 move 19 29
202 1 move 40 2
202 2 move 26 35
202 3 move 19 28
202 4 move 40 36
203 0 move 19 30
203 1 move 40 1
203 2 move 26 34
203 3 move 19 27
203 4 move 40 37
204 0 move 19 31
204 1 move 40 0
204 2 move 26 33
204 3 pick 18 27
204 4 move 40 38
205 0 move 19 32
205 1 fulfill 40 0
205 2 move 26 32
205 3 pick 18 27
205 4 move 40 39
206 0 move 19 33
206 1 move 40 1
206 2 move 26 31
206 3 pick 18 27
206 4 fulfill 40 39
207 0 move 19 34
207 1 move 40 2
207 2 pick 25 31
207 3 move 19 26
207 4 move 40 38
208 0 move 19 35
208 1 move 40 3
208 2 pick 25 31
208 3 move 19 25
208 4 move 40 37
209 0 move 19 36
209 1 move 40 4
209 2 pick 25 31
209 3 move 19 24
209 4 move 40 36
210 0 move 19 37
210 1 move 40 5
210 2 pick 25 31
210 3 move 19 23
210 4 move 40 35
211 0 move 19 38
211 1 move 40 6
211 2 pick 25 31
211 3 move 19 22
211 4 move 40 34
212 0 move 19 39
212 1 move 40 7
212 2 pick 25 31
212 3 move 19 21
212 4 move 40 33
213 0 fulfill 19 39
213 1 move 40 8
213 2 move 26 32
213 3 move 18 21
213 4 move 40 32
214 0 move 19 38
214 1 pick 39 8
214 2 move 25 32
214 3 move 17 21
214 4 move 40 31
215 0 move 19 37
215 1 move 40 9
215 2 move 24 32
215 3 move 16 21
215 4 move 40 30
216 0 move 19 36
216 1 move 40 10
216 2 move 23 32
216 3 move 16 22
216 4 move 40 29
217 0 move 19 35
217 1 move 40 11
217 2 move 22 32
217 3 move 16 23
217 4 pick 39 29
218 0 move 19 34
218 1 pick 39 11
218 2 move 21 32
218 3 move 16 24
218 4 pick 39 29
219 0 move 19 33
219 1 pick 39 11
219 2 move 20 32
219 3 move 16 25
219 4 pick 39 29
220 0 move 19 32
220 1 pick 39 11
220 3 move 16 26
220 4 pick 39 29
221 0 move 19 31
221 1 pick 39 11
221 2 move 19 32
221 3 move 16 27
221 4 move 40 28
222 0 move 19 30
222 1 move 40 10
222 2 move 19 31
222 3 move 16 28
222 4 pick 39 28
223 0 move 19 29
223 1 move 40 9
223 2 pick 18 31
223 3 move 16 29
223 4 move 40 29
224 0 move 19 28
224 1 move 40 8
224 2 move 19 30
224 3 move 16 30
224 4 move 40 30
225 0 move 19 27
225 1 move 40 7
225 2 move 19 29
225 3 pick 17 30
225 4 move 40 31
226 0 pick 18 27
226 1 move 40 6
226 2 move 19 28
226 3 move 16 31
226 4 move 40 32
227 0 pick 18 27
227 1 move 40 5
227 3 move 16 32
227 4 move 40 33
228 0 move 19 26
228 1 move 40 4
228 2 move 19 27
228 3 move 16 33
228 4 move 40 34
229 0 move 19 25
229 1 move 40 3
229 2 pick 18 27
229 3 move 16 34
229 4 move 40 35
230 0 move 19 24
230 1 move 40 2
230 2 pick 18 27
230 3 move 16 35
230 4 move 40 36
231 0 move 19 23
231 1 move 40 1
231 2 move 19 28
231 3 move 16 36
231 4 move 40 37
232 0 move 19 22
232 1 move 40 0
232 2 move 19 29
232 3 move 16 37
232 4 move 40 38
233 0 move 19 21
233 1 fulfill 40 0
233 2 move 19 30
233 3 move 16 38
233 4 move 40 39
234 0 move 18 21
234 1 move 40 1
234 2 move 19 31
234 3 move 16 39
234 4 fulfill 40 39
235 0 move 17 21
235 1 move 40 2
235 2 move 19 32
235 3 fulfill 16 39
235 4 move 40 38
236 0 move 16 21
236 1 move 40 3
236 2 move 19 33
236 3 move 16 38
236 4 move 40 37
237 0 move 16 22
237 1 move 40 4
237 2 move 19 34
237 3 move 16 37
237 4 move 40 36
238 0 move 16 23
238 1 move 40 5
238 2 move 19 35
238 3 move 16 36
238 4 move 40 35
239 0 move 16 24
239 1 move 40 6
239 2 move 19 36
239 3 move 17 36
239 4 move 40 34
240 0 move 16 25
240 1 move 40 7
240 2 move 19 37
240 3 move 18 36
240 4 move 40 33
241 0 move 16 26
241 1 move 40 8
241 2 move 19 38
241 3 move 18 35
241 4 move 40 32
242 0 move 16 27
242 1 pick 39 8
242 2 move 19 39
242 3 pick 18 34
242 4 move 40 31
243 0 pick 17 27
243 1 move 40 9
243 2 fulfill 19 39
243 3 move 19 35
243 4 move 40 30
244 0 pick 17 27
244 1 move 40 10
244 2 move 19 38
244 3 move 19 34
244 4 move 40 29
245 0 pick 17 27
245 1 pick 39 10
245 2 move 19 37
245 3 move 19 33
245 4 pick 39 29
246 0 pick 17 27
246 1 move 40 11
246 2 move 19 36
246 3 move 19 32
246 4 pick 39 29
247 0 move 16 26
247 1 pick 39 11
247 2 move 19 35
247 3 move 19 31
247 4 move 40 28
248 0 move 16 25
248 1 pick 39 11
248 2 move 19 34
248 3 move 19 30
248 4 pick 39 28
249 0 move 16 24
249 1 pick 39 11
249 2 pick 18 34
249 3 move 19 29
249 4 pick 39 28
250 0 move 16 23
250 1 pick 39 11
250 2 move 19 35
250 3 move 19 28
250 4 pick 39 28
251 0 move 16 22
251 1 move 40 10
251 2 move 18 35
251 3 move 19 27
251 4 pick 39 28
252 0 pick 17 22
252 1 move 40 9
252 2 move 18 36
252 3 pick 18 27
252 4 pick 39 28
253 0 move 15 22
253 1 move 40 8
253 2 move 17 36
253 3 pick 18 27
253 4 move 40 29
254 0 move 14 22
254 1 move 40 7
254 2 move 16 36
254 3 pick 18 27
254 4 move 40 30
255 0 move 13 22
255 1 move 40 6
255 2 move 16 35
255 3 pick 18 27
255 4 move 40 31
256 0 move 12 22
256 1 move 40 5
256 2 move 16 34
256 3 pick 18 27
256 4 move 40 32
257 0 move 12 21
257 1 move 40 4
257 2 move 16 33
257 3 move 19 26
257 4 move 40 33
258 0 move 11 21
258 1 move 40 3
258 2 move 16 32
258 3 move 19 25
258 4 move 39 33
259 0 move 10 21
259 1 move 40 2
259 2 pick 17 32
259 3 move 19 24
259 4 move 39 34
260 0 move 9 21
260 1 move 40 1
260 2 move 16 31
260 3 move 19 23
260 4 move 38 34
261 0 move 8 21
261 1 move 40 0
261 2 move 16 30
261 3 move 19 22
261 4 move 37 34
262 0 move 7 21
262 1 fulfill 40 0
262 2 move 16 29
262 3 move 19 21
262 4 move 37 33
263 0 move 6 21
263 1 move 39 0
263 2 move 16 28
263 3 move 18 21
263 4 move 37 32
264 0 move 5 21
264 1 move 38 0
264 2 pick 17 28
264 3 move 17 21
264 4 move 37 31
265 0 move 4 21
265 1 move 37 0
265 2 move 16 27
265 3 move 16 21
265 4 pick 38 31
266 0 move 3 21
266 1 move 37 1
266 3 move 16 22
266 4 move 36 31
267 0 move 2 21
267 1 move 37 2
267 2 move 16 26
267 3 move 16 23
267 4 move 35 31
268 0 move 1 21
268 1 move 37 3
268 2 move 16 25
268 3 move 16 24
268 4 move 34 31
269 0 move 0 21
269 1 move 37 4
269 2 move 16 24
269 3 move 16 25
269 4 move 33 31
270 0 move 0 22
270 1 move 37 5
270 2 move 16 23
270 3 move 16 26
270 4 pick 32 31
271 0 fulfill 0 22
271 1 pick 38 5
271 2 move 16 22
271 3 move 16 27
271 4 move 33 32
272 0 move 0 23
272 1 move 37 4
272 2 move 16 21
272 3 pick 17 27
272 4 move 33 33
273 0 move 0 24
273 1 move 37 3
273 2 move 17 21
273 3 move 16 28
273 4 move 33 34
274 0 move 0 25
274 1 move 38 3
274 2 move 18 21
274 3 move 16 29
274 4 move 33 35
275 0 move 1 25
275 1 move 39 3
275 2 move 19 21
275 3 move 16 30
275 4 move 33 36
276 0 move 1 26
276 1 move 39 4
276 2 move 19 22
276 3 move 16 31
276 4 move 33 37
277 0 move 2 26
277 1 move 40 4
277 2 move 19 23
277 3 move 16 32
277 4 move 33 38
278 0 move 3 26
278 1 move 40 5
278 2 move 19 24
278 3 move 16 33
278 4 move 33 39
279 0 move 4 26
279 1 move 40 6
279 2 move 19 25
279 3 move 16 34
279 4 fulfill 33 39
280 0 move 5 26
280 1 move 40 7
280 2 move 19 26
280 3 move 16 35
280 4 move 33 38
281 0 move 6 26
281 1 move 40 8
281 2 move 19 27
281 3 move 16 36
281 4 move 33 37
282 0 move 7 26
282 1 pick 39 8
282 2 pick 18 27
282 3 move 16 37
282 4 move 33 36
283 0 move 8 26
283 1 pick 39 8
283 2 pick 18 27
283 3 move 16 38
283 4 move 33 35
284 0 move 9 26
284 1 pick 39 8
284 2 pick 18 27
284 3 move 16 39
284 4 move 33 34
285 0 pick 10 26
285 1 move 40 9
285 2 pick 18 27
285 3 fulfill 16 39
285 4 move 33 33
286 0 move 9 25
286 1 pick 39 9
286 2 pick 18 27
286 3 move 15 39
286 4 move 33 32
287 0 move 9 24
287 1 move 40 10
287 2 move 19 28
287 3 move 14 39
287 4 move 33 31
288 0 move 9 23
288 1 move 40 11
288 2 move 19 29
288 3 move 14 38
288 4 move 33 30
289 0 pick 10 23
289 1 pick 39 11
289 2 move 19 30
289 3 move 13 38
289 4 move 33 29
290 0 move 9 22
290 1 pick 39 11
290 2 move 19 31
290 3 move 12 38
290 4 move 33 28
291 0 move 9 21
291 1 move 40 10
291 2 move 19 32
291 3 move 12 37
291 4 move 33 27
292 0 move 10 21
292 1 move 40 9
292 2 move 19 33
292 3 move 12 36
292 4 pick 32 27
293 0 move 11 21
293 1 move 40 8
293 2 move 19 34
293 3 move 12 35
293 4 pick 32 27
294 0 move 12 21
294 1 move 40 7
294 2 move 19 35
294 3 move 12 34
294 4 pick 32 27
295 0 move 12 22
295 1 move 40 6
295 2 move 19 36
295 3 move 12 33
295 4 move 33 26
296 0 move 12 23
296 1 move 40 5
296 2 move 19 37
296 3 move 12 32
296 4 move 33 25
297 0 move 12 24
297 1 move 40 4
297 2 move 19 38
297 3 move 12 31
297 4 move 33 24
298 0 move 12 25
298 1 move 40 3
298 2 move 19 39
298 3 move 12 30
298 4 move 33 23
299 0 move 12 26
299 1 move 40 2
299 2 fulfill 19 39
299 3 pick 11 30
299 4 move 33 22
300 0 move 12 27
300 1 move 40 1
300 2 move 19 38
300 3 move 12 29
300 4 move 33 21
301 0 move 13 27
301 1 move 40 0
301 2 move 19 37
301 3 move 12 28
301 4 move 32 21
302 0 move 14 27
302 1 fulfill 40 0
302 2 move 19 36
302 3 pick 11 28
302 4 move 31 21
303 0 move 15 27
303 1 move 40 1
303 2 move 19 35
303 3 pick 11 28
303 4 move 30 21
304 0 move 16 27
304 1 move 40 2
304 2 move 19 34
304 3 move 13 28
304 4 move 30 22
305 0 pick 17 27
305 1 move 40 3
305 2 move 19 33
305 3 move 14 28
305 4 move 30 23
306 0 pick 17 27
306 1 move 40 4
306 2 move 19 32
306 3 move 15 28
306 4 move 30 24
307 0 move 16 26
307 1 move 40 5
307 2 move 19 31
307 3 move 16 28
307 4 move 30 25
308 0 move 16 25
308 1 move 40 6
308 2 pick 18 31
308 3 pick 17 28
308 4 pick 31 25
309 0 move 16 24
309 1 move 40 7
309 2 move 19 30
309 3 move 16 27
309 4 move 29 25
310 0 move 16 23
310 1 pick 39 7
310 2 move 19 29
310 3 move 16 26
310 4 move 28 25
311 0 move 16 22
311 1 move 40 8
311 2 move 19 28
311 3 move 16 25
311 4 move 27 25
312 0 move 16 21
312 1 pick 39 8
312 2 move 19 27
312 3 move 16 24
312 4 move 26 25
313 0 move 17 21
313 1 move 40 9
313 2 pick 18 27
313 3 move 16 23
313 4 pick 25 25
314 0 move 18 21
314 1 pick 39 9
314 2 pick 18 27
314 3 move 16 22
314 4 move 26 24
315 0 move 19 21
315 1 move 40 10
315 2 pick 18 27
315 3 move 16 21
315 4 move 26 23
316 0 move 19 22
316 1 move 40 11
316 2 pick 18 27
316 3 move 17 21
316 4 pick 25 23
317 0 move 19 23
317 1 pick 39 11
317 2 move 19 26
317 3 move 18 21
317 4 move 26 24
318 0 move 19 24
318 1 pick 39 11
318 2 pick 18 26
318 3 move 19 21
318 4 move 26 25
319 1 move 40 12
319 2 move 19 25
319 3 move 19 22
319 4 move 26 26
320 0 move 19 25
320 1 move 40 13
320 2 move 19 24
320 3 move 19 23
320 4 move 26 27
321 0 move 19 26
321 1 pick 39 13
321 2 move 19 23
321 3 move 19 24
321 4 move 26 28
322 0 move 19 27
322 1 move 40 12
322 2 move 19 22
322 3 move 19 25
322 4 move 26 29
323 0 pick 18 27
323 1 move 40 11
323 2 move 19 21
323 3 move 19 26
323 4 move 26 30
324 0 pick 18 27
324 1 move 40 10
324 2 move 18 21
324 4 move 26 31
325 0 pick 18 27
325 1 move 40 9
325 2 move 17 21
325 4 move 26 32
326 0 pick 18 27
326 1 move 40 8
326 2 move 16 21
326 4 move 26 33
327 0 move 19 28
327 1 move 40 7
327 2 move 16 22
327 3 move 19 27
327 4 move 26 34
328 0 move 19 29
328 1 move 40 6
328 2 move 16 23
328 3 pick 18 27
328 4 move 26 35
329 0 move 19 30
329 1 move 40 5
329 2 move 16 24
329 3 pick 18 27
329 4 move 26 36
330 0 move 19 31
330 1 move 40 4
330 2 move 16 25
330 3 move 19 28
330 4 move 26 37
331 0 move 19 32
331 1 move 40 3
331 2 move 16 26
331 3 move 19 29
331 4 move 26 38
332 0 move 19 33
332 1 move 40 2
332 2 move 16 27
332 3 move 19 30
332 4 move 26 39
333 0 move 19 34
333 1 move 40 1
333 2 pick 17 27
333 3 move 19 31
333 4 fulfill 26 39
334 0 move 19 35
334 1 move 40 0
334 2 pick 17 27
334 3 move 19 32
334 4 move 26 38
335 0 move 19 36
335 1 fulfill 40 0
335 2 pick 17 27
335 3 move 19 33
335 4 move 26 37
336 0 move 19 37
336 1 move 40 1
336 2 pick 17 27
336 3 move 19 34
336 4 move 26 36
337 0 move 19 38
337 1 move 40 2
337 2 move 16 28
337 3 move 19 35
337 4 move 26 35
338 0 move 19 39
338 1 move 40 3
338 2 move 16 29
338 3 move 19 36
338 4 move 26 34
339 0 fulfill 19 39
339 1 move 40 4
339 2 move 16 30
339 3 move 19 37
339 4 move 26 33
340 0 move 19 38
340 1 move 40 5
340 2 move 16 31
340 4 move 26 32
341 0 move 19 37
341 1 move 40 6
341 2 move 16 32
341 3 move 19 38
341 4 move 26 31
342 0 move 19 36
342 1 move 40 7
342 2 move 16 33
342 3 move 19 39
342 4 pick 25 31
343 0 move 19 35
343 1 move 40 8
343 2 move 16 34
343 3 fulfill 19 39
343 4 pick 25 31
344 0 move 19 34
344 1 move 40 9
344 2 move 16 35
344 4 pick 25 31
345 0 move 19 33
345 1 move 40 10
345 2 move 16 36
345 4 pick 25 31
346 0 move 19 32
346 1 move 40 11
346 2 move 16 37
346 4 move 26 30
347 0 move 19 31
347 1 pick 39 11
347 2 move 16 38
347 4 move 26 29
348 0 move 19 30
348 1 pick 39 11
348 2 move 16 39
348 4 move 26 28
349 0 move 19 29
349 1 pick 39 11
349 2 fulfill 16 39
349 4 move 26 27
350 0 move 19 28
350 1 pick 39 11
350 4 move 26 26
351 0 move 19 27
351 1 pick 39 11
351 4 pick 25 26
352 0 pick 18 27
352 1 pick 39 11
352 4 pick 25 26
353 0 pick 18 27
353 1 pick 39 11
353 4 move 26 27
354 0 pick 18 27
354 1 pick 39 11
354 4 move 26 28
355 0 move 19 26
355 1 pick 39 11
355 4 move 26 29
356 0 move 19 25
356 1 move 40 12
356 4 move 26 30
357 0 pick 18 25
357 1 move 40 13
357 4 move 26 31
358 0 move 19 24
358 1 move 40 14
358 4 move 26 32
359 0 move 19 23
359 1 move 40 15
359 4 move 26 33
360 0 move 19 22
360 1 move 40 16
360 4 move 26 34
361 0 move 19 21
361 1 move 39 16
361 4 move 26 35
362 0 move 18 21
362 1 move 38 16
362 4 move 26 36
363 0 move 17 21
363 1 move 37 16
363 4 move 26 37
364 0 move 16 21
364 1 move 37 15
364 4 move 26 38
365 0 move 16 22
365 1 move 37 14
365 4 move 26 39
366 0 pick 17 22
366 1 move 37 13
366 4 fulfill 26 39
367 0 move 15 22
367 1 move 37 12
368 0 move 14 22
368 1 move 37 11
369 0 move 13 22
369 1 move 37 10
370 0 move 12 22
370 1 move 37 9
371 0 move 12 21
371 1 pick 38 9
372 0 move 11 21
372 1 move 37 8
373 0 move 10 21
373 1 move 37 7
374 0 move 9 21
374 1 move 37 6
375 0 move 8 21
375 1 move 37 5
376 0 move 7 21
376 1 move 37 4
377 0 move 6 21
377 1 move 37 3
378 0 move 5 21
378 1 move 37 2
379 0 move 4 21
379 1 move 37 1
380 0 move 3 21
380 1 move 37 0
381 0 move 2 21
381 1 fulfill 37 0
382 0 move 1 21
383 0 move 0 21
384 0 move 0 22
385 0 fulfill 0 22
