1 0 move 57 13
1 1 move 52 4
1 2 move 22 17
1 3 move 42 9
1 4 move 40 14
2 0 move 56 13
2 1 move 52 3
2 2 move 22 18
2 3 move 43 9
2 4 move 40 15
3 0 move 55 13
3 1 move 51 3
3 2 move 22 19
3 3 move 44 9
3 4 move 40 16
4 0 move 54 13
4 1 move 50 3
4 2 move 22 20
4 3 move 44 8
4 4 move 39 16
5 0 move 53 13
5 1 move 49 3
5 2 move 22 21
5 3 move 44 7
5 4 move 38 16
6 0 move 52 13
6 1 move 48 3
6 2 move 22 22
6 3 move 44 6
6 4 move 37 16
7 0 move 51 13
7 1 move 47 3
7 2 move 22 23
7 3 move 44 5
7 4 move 36 16
8 0 move 50 13
8 1 move 46 3
8 2 move 22 24
8 3 move 45 5
8 4 move 35 16
9 0 move 49 13
9 1 move 45 3
9 2 move 22 25
9 3 move 46 5
9 4 move 35 15
10 0 move 48 13
10 1 move 44 3
10 2 move 22 26
10 3 move 47 5
10 4 move 35 14
11 0 move 47 13
11 1 move 44 4
11 2 move 22 27
11 3 move 47 6
11 4 move 35 13
12 0 move 47 14
12 1 move 44 5
12 2 move 22 28
12 3 move 47 7
12 4 move 35 12
13 0 move 47 15
13 1 move 44 6
13 2 move 23 28
13 3 move 47 8
13 4 move 34 12
14 0 move 47 16
14 1 move 44 7
14 2 dock 24 28
14 3 move 47 9
14 4 move 35 12
15 0 move 46 16
15 1 dock 45 7
15 2 move 22 28
15 3 move 48 9
15 4 move 34 12
16 0 move 45 16
16 1 move 43 7
16 2 undock 23 28
16 3 move 48 8
16 4 move 33 12
17 0 move 44 16
17 1 undock 44 7
17 2 move 22 29
17 3 move 48 7
17 4 move 33 11
18 0 move 43 16
18 1 move 43 6
18 2 move 23 29
18 3 move 47 7
18 4 move 33 10
19 0 move 42 16
19 1 move 44 6
19 2 dock 23 28
19 3 move 47 6
19 4 move 33 9
20 0 move 41 16
20 1 dock 44 7
20 2 move 22 29
20 3 move 47 5
20 4 move 33 8
21 0 move 40 16
21 1 move 43 6
21 2 move 21 29
21 3 move 46 5
21 4 move 33 7
22 0 move 39 16
22 1 move 42 6
22 2 move 20 29
22 3 move 45 5
22 4 move 33 6
23 0 move 38 16
23 1 move 41 6
23 2 move 19 29
23 3 move 44 5
23 4 move 33 5
24 0 move 37 16
24 1 move 40 6
24 2 move 19 30
24 3 move 44 6
24 4 move 32 5
25 0 move 36 16
25 1 move 40 5
25 2 move 19 31
25 3 move 44 7
25 4 dock 32 6
26 0 move 35 16
26 1 move 40 4
26 2 move 19 32
26 3 move 44 8
26 4 move 33 5
27 0 move 34 16
27 1 move 39 4
27 2 move 19 33
27 3 move 44 9
27 4 undock 33 6
28 0 move 33 16
28 1 undock 39 5
28 2 move 18 33
28 3 move 44 10
28 4 dock 33 6
29 0 move 32 16
29 1 move 40 4
29 2 move 17 33
29 3 move 44 11
29 4 move 33 4
30 0 move 31 16
30 1 move 40 5
30 2 move 17 34
30 3 dock 45 11
30 4 move 33 3
31 0 move 30 16
31 1 move 40 6
31 2 undock 17 33
31 3 move 43 11
31 4 move 33 2
32 0 move 29 16
32 1 move 40 7
32 2 move 16 34
32 3 undock 44 11
32 4 move 34 2
33 0 move 28 16
33 1 move 40 8
33 2 move 15 34
33 3 move 43 10
33 4 move 35 2
34 0 move 27 16
34 1 move 40 9
34 2 move 14 34
34 3 move 44 10
34 4 move 36 2
35 0 move 26 16
35 1 move 40 10
35 2 move 14 33
35 3 dock 44 11
35 4 move 37 2
36 0 move 25 16
36 1 move 40 11
36 2 move 14 32
36 3 move 43 10
36 4 move 38 2
37 0 move 24 16
37 1 move 40 12
37 2 move 15 32
37 3 move 42 10
37 4 undock 38 3
38 0 move 23 16
38 1 move 40 13
38 2 move 16 32
38 3 move 41 10
38 4 move 37 2
39 0 move 23 17
39 1 move 41 13
39 2 move 17 32
39 3 move 40 10
39 4 move 36 2
40 0 move 23 18
40 1 move 42 13
40 2 move 18 32
40 3 move 40 9
40 4 move 35 2
41 0 move 23 19
41 1 move 43 13
41 2 move 19 32
41 3 move 40 8
41 4 move 35 3
42 0 move 23 20
42 1 move 44 13
42 2 move 20 32
42 3 move 40 7
42 4 move 35 4
43 0 move 23 21
43 1 dock 45 13
43 2 move 21 32
43 3 move 40 6
43 4 move 35 5
44 0 move 23 22
44 1 move 43 13
44 2 move 22 32
44 3 move 40 5
44 4 move 35 6
45 0 move 23 23
45 1 undock 44 13
45 2 move 23 32
45 3 move 40 4
45 4 move 35 7
46 0 move 23 24
46 1 move 43 12
46 2 move 24 32
46 3 move 40 3
46 4 move 35 8
47 0 move 23 25
47 1 move 44 12
47 2 move 25 32
47 3 move 39 3
47 4 move 35 9
48 0 move 23 26
48 1 dock 44 13
48 2 move 26 32
48 3 move 39 2
48 4 move 35 10
49 0 dock 24 26
49 1 move 43 12
49 2 move 27 32
49 3 move 39 1
49 4 move 35 11
50 0 move 22 26
50 1 move 42 12
50 2 move 28 32
50 3 undock 39 2
50 4 move 35 12
51 0 undock 23 26
51 1 move 41 12
51 2 move 29 32
51 3 move 40 1
51 4 move 35 13
52 0 move 22 27
52 1 move 40 12
52 2 move 30 32
52 3 move 40 2
52 4 move 35 14
53 0 move 23 27
53 1 move 40 11
53 2 move 31 32
53 3 move 40 3
53 4 move 35 15
54 0 dock 23 26
54 1 move 40 10
54 2 move 32 32
54 3 move 40 4
54 4 move 36 15
55 0 move 22 27
55 1 move 40 9
55 2 move 33 32
55 3 move 40 5
55 4 move 37 15
56 0 move 21 27
56 1 move 40 8
56 2 move 34 32
56 3 move 40 6
56 4 dock 38 15
57 0 move 20 27
57 1 move 40 7
57 2 move 35 32
57 3 move 41 6
57 4 move 37 16
58 0 move 19 27
58 1 move 40 6
58 2 move 36 32
58 3 move 42 6
58 4 undock 38 16
59 0 move 19 28
59 1 move 40 5
59 2 move 37 32
59 3 move 43 6
59 4 move 37 17
60 0 move 19 29
60 1 move 40 4
60 2 move 38 32
60 3 move 44 6
60 4 move 38 17
61 0 move 19 30
61 1 move 40 3
61 2 move 39 32
61 3 dock 45 6
61 4 dock 38 16
62 0 move 19 31
62 1 move 39 3
62 2 move 40 32
62 3 move 43 6
62 4 move 38 18
63 0 move 19 32
63 1 undock 39 4
63 2 move 40 31
63 3 undock 44 6
63 4 move 38 19
64 0 move 19 33
64 1 move 40 3
64 2 move 40 30
64 3 move 43 5
64 4 move 38 20
65 0 move 18 33
65 1 move 40 2
65 2 move 40 29
65 3 move 44 5
65 4 move 38 21
66 0 move 18 34
66 1 move 40 1
66 2 move 41 29
66 3 dock 44 6
66 4 move 37 21
67 0 move 18 35
67 1 move 39 1
67 2 move 42 29
67 3 move 43 5
67 4 move 37 22
68 0 undock 18 34
68 1 move 38 1
68 2 move 43 29
68 3 move 42 5
68 4 move 37 23
69 0 move 17 35
69 1 move 37 1
69 2 move 44 29
69 3 move 41 5
69 4 move 37 24
70 0 move 16 35
70 1 move 36 1
70 2 dock 45 29
70 3 move 40 5
70 4 move 37 25
71 0 move 15 35
71 1 move 35 1
71 2 move 43 29
71 3 move 40 4
71 4 move 37 26
72 0 move 14 35
72 1 move 35 2
72 2 undock 44 29
72 3 move 40 3
72 4 move 37 27
73 0 move 14 34
73 1 move 35 3
73 2 move 43 30
73 3 move 40 2
73 4 move 37 28
74 0 move 14 33
74 1 move 35 4
74 2 move 44 30
74 3 move 40 1
74 4 move 37 29
75 0 move 14 32
75 1 move 34 4
75 2 dock 44 29
75 3 move 40 0
75 4 move 37 30
76 0 move 15 32
76 1 move 33 4
76 2 move 43 30
76 3 move 39 0
76 4 move 37 31
77 0 move 16 32
77 1 move 32 4
77 2 move 42 30
77 3 move 38 0
77 4 move 37 32
78 0 move 17 32
78 1 move 31 4
78 2 move 41 30
78 3 undock 38 1
78 4 move 37 33
79 0 move 18 32
79 1 move 30 4
79 2 move 40 30
79 3 move 37 0
79 4 move 38 33
80 0 move 19 32
80 1 move 30 5
80 2 move 40 31
80 3 move 36 0
80 4 undock 38 32
81 0 move 20 32
81 1 move 30 6
81 2 move 40 32
81 3 move 35 0
81 4 move 37 33
82 0 move 21 32
82 1 move 30 7
82 2 move 40 33
82 3 move 34 0
82 4 move 36 33
83 0 move 22 32
83 1 pick 31 7
83 2 move 39 33
83 3 move 34 1
83 4 move 35 33
84 0 move 23 32
84 1 move 29 7
84 2 undock 39 32
84 3 move 34 2
84 4 move 34 33
85 0 move 24 32
85 1 move 28 7
85 2 move 40 33
85 3 move 34 3
85 4 move 33 33
86 0 move 25 32
86 1 move 27 7
86 2 move 41 33
86 3 move 33 3
86 4 move 33 32
87 0 move 26 32
87 1 move 26 7
87 2 move 42 33
87 3 move 33 4
87 4 move 33 31
88 0 move 27 32
88 1 move 26 8
88 2 move 43 33
88 3 move 33 5
88 4 move 33 30
89 0 move 28 32
89 1 pick 25 8
89 2 move 44 33
89 3 move 33 6
89 4 move 33 29
90 0 move 29 32
90 1 pick 25 8
90 2 move 45 33
90 3 move 33 7
90 4 move 33 28
91 0 move 30 32
91 1 pick 25 8
91 2 move 44 33
91 3 pick 32 7
91 4 move 33 27
92 0 move 31 32
92 1 pick 25 8
92 2 move 43 33
92 3 move 33 8
92 4 pick 32 27
93 0 move 32 32
93 1 pick 25 8
93 2 move 42 33
93 3 move 33 9
93 4 pick 32 27
94 0 dock 32 31
94 1 move 26 7
94 2 move 41 33
94 3 pick 32 9
94 4 move 33 26
95 0 move 33 32
95 1 move 26 6
95 2 move 40 33
95 3 move 33 8
95 4 move 33 25
96 0 undock 33 31
96 1 move 26 5
96 2 move 40 32
96 3 move 33 7
96 4 move 33 24
97 0 dock 33 31
97 1 move 26 4
97 2 move 40 31
97 3 move 33 6
97 4 move 33 23
98 0 move 33 33
98 1 move 26 3
98 2 move 40 30
98 3 move 33 5
98 4 move 33 22
99 0 move 33 34
99 1 move 26 2
99 2 move 40 29
99 3 move 32 5
99 4 pick 32 22
100 0 move 33 35
100 1 move 26 1
100 2 pick 39 29
100 3 move 31 5
100 4 pick 32 22
101 0 move 33 36
101 1 move 26 0
101 2 move 40 28
101 3 move 30 5
101 4 pick 32 22
102 0 move 34 36
102 1 fulfill 26 0
102 2 pick 39 28
102 3 move 30 6
102 4 pick 32 22
103 0 move 35 36
103 1 move 26 1
103 2 pick 39 28
103 3 move 30 7
103 4 move 33 21
104 0 move 36 36
104 1 move 26 2
104 2 move 40 27
104 3 pick 31 7
104 4 move 32 21
105 0 move 37 36
105 1 move 26 3
105 2 move 40 26
105 3 move 29 7
105 4 move 31 21
106 0 move 38 36
106 1 move 26 4
106 2 move 40 25
106 3 move 28 7
106 4 move 30 21
107 0 undock 38 35
107 1 move 26 5
107 2 move 40 24
107 3 move 27 7
107 4 move 29 21
108 0 move 37 36
108 1 move 26 6
108 2 move 40 23
108 3 move 26 7
108 4 move 28 21
109 0 move 37 35
109 1 move 26 7
109 2 move 40 22
109 3 move 26 8
109 4 move 27 21
110 0 move 37 34
110 2 move 40 21
110 3 pick 25 8
110 4 move 26 21
111 0 move 37 33
111 2 move 39 21
111 3 pick 25 8
111 4 move 26 22
112 0 move 37 32
112 1 move 26 8
112 2 move 38 21
112 3 move 26 9
112 4 move 26 23
113 0 move 37 31
113 1 pick 25 8
113 2 move 37 21
113 3 move 26 10
113 4 pick 25 23
114 0 move 37 30
114 1 pick 25 8
114 2 move 37 22
114 3 move 26 11
114 4 move 26 24
115 0 move 37 29
115 1 pick 25 8
115 2 move 37 23
115 3 move 26 12
115 4 move 26 25
116 0 pick 38 29
116 1 move 26 9
116 2 move 37 24
116 3 move 26 13
116 4 move 26 26
117 0 move 37 28
117 1 move 27 9
117 2 move 37 25
117 3 move 26 14
117 4 move 26 27
118 0 pick 38 28
118 1 move 28 9
118 2 pick 38 25
118 3 move 26 15
118 4 move 26 28
119 0 move 37 29
119 1 move 29 9
119 2 pick 38 25
119 3 move 27 15
119 4 move 26 29
120 0 move 37 30
120 1 move 30 9
120 2 move 36 25
120 3 move 28 15
120 4 move 26 30
121 0 move 37 31
121 1 pick 31 9
121 2 move 35 25
121 3 move 29 15
121 4 move 26 31
122 0 move 37 32
122 1 move 30 8
122 2 move 34 25
122 3 move 30 15
122 4 move 26 32
123 0 move 37 33
123 1 move 30 7
123 2 move 33 25
123 3 pick 31 15
123 4 move 26 33
124 0 move 38 33
124 1 pick 31 7
124 2 move 33 24
124 3 move 30 14
124 4 move 26 34
125 0 move 39 33
125 1 move 30 6
125 2 move 33 23
125 3 move 30 13
125 4 move 26 35
126 0 move 40 33
126 1 move 30 5
126 2 move 33 22
126 3 move 30 12
126 4 move 26 36
127 0 move 40 32
127 1 move 31 5
127 2 move 33 21
127 3 move 30 11
127 4 move 26 37
128 0 move 40 31
128 1 move 32 5
128 2 move 32 21
128 3 move 30 10
128 4 move 26 38
129 0 move 40 30
129 1 move 33 5
129 2 move 31 21
129 3 move 30 9
129 4 move 26 39
130 0 move 40 29
130 1 move 33 6
130 2 move 30 21
130 3 move 30 8
130 4 fulfill 26 39
131 0 move 40 28
131 1 move 33 7
131 2 move 30 22
131 3 move 30 7
131 4 move 26 38
132 0 pick 39 28
132 1 move 33 8
132 2 move 30 23
132 3 move 30 6
132 4 move 26 37
133 0 pick 39 28
133 1 move 33 9
133 2 pick 31 23
133 3 move 30 5
133 4 move 26 36
134 0 pick 39 28
134 1 move 34 9
134 2 move 30 24
134 3 move 30 4
134 4 move 26 35
135 0 move 40 29
135 1 move 35 9
135 2 move 30 25
135 3 move 30 3
135 4 move 26 34
136 0 pick 39 29
136 1 move 36 9
136 2 move 30 26
136 3 move 30 2
136 4 move 26 33
137 0 move 40 28
137 1 move 37 9
137 2 move 30 27
137 3 move 30 1
137 4 move 26 32
138 0 move 40 27
138 1 pick 38 9
138 2 move 30 28
138 3 move 30 0
138 4 move 26 31
139 0 move 40 26
139 1 move 37 8
139 2 move 30 29
139 3 fulfill 30 0
139 4 pick 25 31
140 0 pick 39 26
140 1 move 37 7
140 2 move 30 30
140 3 move 30 1
140 4 pick 25 31
141 0 move 40 27
141 1 move 37 6
141 2 move 30 31
141 3 move 30 2
141 4 move 26 32
142 0 move 40 28
142 1 move 37 5
142 2 move 30 32
142 3 move 30 3
142 4 move 25 32
143 0 move 40 29
143 1 move 37 4
143 2 move 30 33
143 3 move 30 4
143 4 move 24 32
144 0 move 40 30
144 1 move 37 3
144 2 move 30 34
144 3 move 30 5
144 4 move 23 32
145 0 move 40 31
145 1 move 37 2
145 2 move 30 35
145 3 move 30 6
145 4 move 23 31
146 0 move 40 32
146 1 move 37 1
146 2 move 30 36
146 3 move 30 7
146 4 move 23 30
147 0 move 40 33
147 1 move 37 0
147 2 move 30 37
147 3 move 30 8
147 4 pick 24 30
148 0 move 40 34
148 1 fulfill 37 0
148 2 move 30 38
148 3 pick 31 8
148 4 move 22 30
149 0 move 40 35
149 1 move 37 1
149 2 move 30 39
149 3 pick 31 8
149 4 move 21 30
150 0 move 40 36
150 1 move 37 2
150 2 fulfill 30 39
150 3 move 30 9
150 4 move 20 30
151 0 move 40 37
151 1 move 38 2
151 2 move 29 39
151 3 pick 31 9
151 4 move 19 30
152 0 move 40 38
152 1 pick 39 2
152 2 move 28 39
152 3 move 29 9
152 4 move 19 29
153 0 move 40 39
153 1 move 37 2
153 2 move 27 39
153 3 move 28 9
153 4 move 19 28
154 0 fulfill 40 39
154 1 move 37 1
154 2 move 26 39
154 3 move 27 9
154 4 move 19 27
155 0 move 40 38
155 1 move 37 0
155 2 move 26 38
155 3 move 26 9
155 4 pick 18 27
156 0 move 40 37
156 1 move 38 0
156 2 move 26 37
156 3 move 26 8
156 4 pick 18 27
157 0 move 40 36
157 1 move 39 0
157 2 move 26 36
157 3 pick 25 8
157 4 pick 18 27
158 0 move 40 35
158 1 move 39 1
158 2 move 26 35
158 3 pick 25 8
158 4 pick 18 27
159 0 move 40 34
159 1 move 40 1
159 2 move 26 34
159 3 pick 25 8
159 4 move 19 28
160 0 move 40 33
160 1 move 40 2
160 2 move 26 33
160 3 pick 25 8
160 4 move 19 29
161 0 move 40 32
161 1 move 40 3
161 2 move 26 32
161 3 pick 25 8
161 4 move 19 30
162 0 move 40 31
162 1 move 40 4
162 2 move 26 31
162 3 pick 25 8
162 4 move 19 31
163 0 move 40 30
163 1 move 40 5
163 2 pick 25 31
163 3 pick 25 8
163 4 move 19 32
164 0 move 40 29
164 1 move 40 6
164 2 pick 25 31
164 3 move 26 7
164 4 move 18 32
165 0 pick 39 29
165 1 move 40 7
165 2 pick 25 31
165 3 pick 25 7
165 4 move 17 32
166 0 move 40 28
166 1 move 40 8
166 2 move 26 30
166 3 move 26 6
166 4 move 16 32
167 0 pick 39 28
167 1 pick 39 8
167 2 move 26 29
167 3 move 26 5
167 4 move 15 32
168 0 pick 39 28
168 1 pick 39 8
168 2 move 26 28
168 3 move 26 4
168 4 move 14 32
169 0 pick 39 28
169 1 move 40 9
169 2 move 26 27
169 3 move 26 3
169 4 move 13 32
170 0 move 40 29
170 1 move 40 10
170 2 move 26 26
170 3 move 26 2
170 4 move 12 32
171 0 move 40 30
171 1 move 40 11
171 2 pick 25 26
171 3 move 26 1
171 4 move 11 32
172 0 move 40 31
172 1 pick 39 11
172 2 move 26 25
172 3 move 26 0
172 4 move 10 32
173 0 move 40 32
173 1 pick 39 11
173 2 move 26 24
173 3 fulfill 26 0
173 4 move 9 32
174 0 move 40 33
174 1 move 40 12
174 2 move 27 24
174 3 move 26 1
174 4 move 9 31
175 0 move 39 33
175 1 move 40 13
175 2 move 28 24
175 3 move 26 2
175 4 move 9 30
176 0 move 38 33
176 1 move 40 14
176 2 move 29 24
176 3 move 26 3
176 4 move 9 29
177 0 move 37 33
177 1 move 40 15
177 2 move 30 24
177 3 move 26 4
177 4 move 9 28
178 0 move 37 32
178 1 move 40 16
178 2 pick 31 24
178 3 move 26 5
178 4 move 9 27
179 0 move 37 31
179 1 move 39 16
179 2 pick 31 24
179 3 move 26 6
179 4 pick 10 27
180 0 move 37 30
180 1 move 38 16
180 2 move 30 23
180 3 move 26 7
180 4 move 8 27
181 0 move 37 29
181 1 move 37 16
181 2 move 30 22
181 3 move 26 8
181 4 move 7 27
182 0 move 37 28
182 1 move 37 15
182 2 move 30 21
182 3 pick 25 8
182 4 move 6 27
183 0 pick 38 28
183 1 move 37 14
183 2 move 31 21
183 3 move 26 9
183 4 move 5 27
184 0 pick 38 28
184 1 move 37 13
184 2 move 32 21
184 3 move 26 10
184 4 move 4 27
185 0 pick 38 28
185 1 move 37 12
185 2 move 33 21
185 3 move 26 11
185 4 move 3 27
186 0 move 37 29
186 1 move 37 11
186 2 move 33 22
186 3 move 26 12
186 4 move 2 27
187 0 move 37 30
187 1 move 37 10
187 2 move 33 23
187 3 pick 25 12
187 4 move 1 27
188 0 move 37 31
188 1 move 37 9
188 2 move 33 24
188 3 move 26 13
188 4 move 0 27
189 0 pick 38 31
189 1 pick 38 9
189 2 move 33 25
189 3 move 26 14
189 4 fulfill 0 27
190 0 move 37 32
190 1 move 37 8
190 2 move 33 26
190 3 move 27 14
190 4 move 0 28
191 0 move 37 33
191 1 move 37 7
191 2 pick 32 26
191 3 move 28 14
191 4 move 1 28
192 0 move 37 34
192 1 move 37 6
192 2 move 33 27
192 3 move 29 14
192 4 move 2 28
193 0 move 37 35
193 1 move 37 5
193 2 move 33 28
193 3 move 30 14
193 4 move 3 28
194 0 move 37 36
194 1 move 37 4
194 2 move 33 29
194 3 pick 31 14
194 4 move 4 28
195 0 move 37 37
195 1 move 37 3
195 2 move 33 30
195 3 move 29 14
195 4 move 5 28
196 0 move 37 38
196 1 move 37 2
196 2 move 33 31
196 3 move 28 14
196 4 move 6 28
197 0 move 37 39
197 1 move 37 1
197 2 move 33 32
197 3 move 27 14
197 4 move 7 28
198 0 fulfill 37 39
198 1 move 37 0
198 2 move 33 33
198 3 move 26 14
198 4 move 8 28
199 0 move 37 38
199 1 fulfill 37 0
199 2 move 33 34
199 3 move 26 15
199 4 move 9 28
200 0 move 37 37
200 1 move 37 1
200 2 move 33 35
200 3 move 26 16
200 4 pick 10 28
201 0 move 37 36
201 1 move 37 2
201 2 move 33 36
201 3 move 25 16
201 4 move 9 29
202 0 move 37 35
202 1 move 37 3
202 2 move 33 37
202 3 move 24 16
202 4 move 9 30
203 0 move 37 34
203 1 move 37 4
203 2 move 33 38
203 3 move 23 16
203 4 move 9 31
204 0 move 37 33
204 1 move 37 5
204 2 move 33 39
204 3 move 22 16
204 4 move 9 32
205 0 move 38 33
205 1 move 37 6
205 2 fulfill 33 39
205 3 move 21 16
205 4 move 10 32
206 0 move 39 33
206 1 move 37 7
206 2 move 33 38
206 3 move 20 16
206 4 move 11 32
207 0 move 40 33
207 1 move 37 8
207 2 move 33 37
207 3 move 19 16
207 4 move 12 32
208 0 move 40 32
208 1 move 37 9
208 2 move 33 36
208 3 move 19 15
208 4 move 12 31
209 0 move 40 31
209 1 pick 38 9
209 2 move 33 35
209 3 pick 18 15
209 4 move 12 30
210 0 pick 39 31
210 1 move 37 10
210 2 move 34 35
210 3 pick 18 15
210 4 move 12 29
211 0 move 40 30
211 1 move 37 11
211 2 move 35 35
211 3 move 19 16
211 4 pick 11 29
212 0 move 40 29
212 1 move 37 12
212 2 move 36 35
212 3 move 19 17
212 4 move 12 28
213 0 pick 39 29
213 1 pick 38 12
213 2 move 37 35
213 3 move 19 18
213 4 move 13 28
214 0 move 40 28
214 1 move 37 13
214 2 pick 38 35
214 3 move 19 19
214 4 move 14 28
215 0 pick 39 28
215 1 move 37 14
215 2 move 37 34
215 3 move 19 20
215 4 move 15 28
216 0 pick 39 28
216 1 move 37 15
216 2 move 37 33
216 3 move 19 21
216 4 move 16 28
217 0 pick 39 28
217 1 move 37 16
217 2 move 37 32
217 3 move 19 22
217 4 pick 17 28
218 0 pick 39 28
218 1 move 38 16
218 2 move 37 31
218 3 move 20 22
218 4 move 16 29
219 0 pick 39 28
219 1 move 39 16
219 2 move 37 30
219 3 move 21 22
219 4 move 16 30
220 0 pick 39 28
220 1 move 40 16
220 2 move 37 29
220 3 move 22 22
220 4 move 16 31
221 0 move 40 29
221 1 move 40 15
221 2 move 37 28
221 3 move 23 22
221 4 move 16 32
222 0 move 40 30
222 1 move 40 14
222 2 pick 38 28
222 3 pick 24 22
222 4 move 17 32
223 0 move 40 31
223 1 move 40 13
223 2 move 37 29
223 3 move 23 23
223 4 move 18 32
224 0 move 40 32
224 1 move 40 12
224 2 move 37 30
224 3 move 23 24
224 4 move 19 32
225 0 move 40 33
225 1 move 40 11
225 2 move 37 31
225 3 move 23 25
225 4 move 19 31
226 0 move 39 33
226 1 pick 39 11
226 2 move 37 32
226 3 move 23 26
226 4 move 19 30
227 0 move 38 33
227 1 pick 39 11
227 2 move 37 33
227 3 move 23 27
227 4 move 19 29
228 0 move 37 33
228 1 pick 39 11
228 2 move 38 33
228 3 move 23 28
228 4 move 19 28
229 0 move 37 32
229 1 move 40 10
229 2 move 39 33
229 3 move 23 29
229 4 move 19 27
230 0 move 37 31
230 1 move 40 9
230 2 move 40 33
230 3 move 23 30
230 4 pick 18 27
231 0 move 37 30
231 1 move 40 8
231 2 move 40 32
231 3 move 23 31
231 4 pick 18 27
232 0 move 37 29
232 1 move 40 7
232 2 move 40 31
232 3 move 23 32
232 4 pick 18 27
233 0 move 37 28
233 1 move 40 6
233 2 move 40 30
233 3 move 23 33
233 4 pick 18 27
234 0 pick 38 28
234 1 move 40 5
234 2 move 40 29
234 3 move 23 34
234 4 pick 18 27
235 0 move 37 29
235 1 move 40 4
235 2 move 40 28
235 3 move 23 35
235 4 pick 18 27
236 0 move 37 30
236 1 move 40 3
236 2 pick 39 28
236 3 move 23 36
236 4 pick 18 27
237 0 move 37 31
237 1 move 40 2
237 2 move 40 29
237 3 move 23 37
237 4 move 19 28
238 0 move 37 32
238 1 move 40 1
238 2 pick 39 29
238 3 move 23 38
238 4 move 19 29
239 0 move 37 33
239 1 move 40 0
239 2 move 40 28
239 3 move 23 39
239 4 move 19 30
240 0 move 37 34
240 1 fulfill 40 0
240 2 move 40 27
240 3 fulfill 23 39
240 4 move 19 31
241 0 move 37 35
241 1 move 40 1
241 2 move 40 26
241 3 move 23 38
241 4 move 19 32
242 0 move 37 36
242 1 move 40 2
242 2 pick 39 26
242 3 move 23 37
242 4 move 19 33
243 0 move 37 37
243 1 move 40 3
243 2 move 40 25
243 3 move 23 36
243 4 move 19 34
244 0 move 37 38
244 1 move 40 4
244 2 move 40 24
244 3 move 23 35
244 4 move 19 35
245 0 move 37 39
245 1 move 40 5
245 2 move 40 23
245 3 move 23 34
245 4 move 19 36
246 0 fulfill 37 39
246 1 move 40 6
246 2 move 40 22
246 3 move 23 33
246 4 move 19 37
247 0 move 37 38
247 1 pick 39 6
247 2 move 40 21
247 3 move 23 32
247 4 move 19 38
248 0 move 37 37
248 1 pick 39 6
248 2 move 39 21
248 3 move 23 31
248 4 move 19 39
249 0 move 37 36
249 1 move 40 7
249 2 move 38 21
249 3 pick 24 31
249 4 fulfill 19 39
250 0 move 37 35
250 1 move 40 8
250 2 move 37 21
250 3 move 23 32
250 4 move 19 38
251 0 pick 38 35
251 1 pick 39 8
251 2 move 36 21
251 3 move 24 32
251 4 move 19 37
252 0 move 37 34
252 1 pick 39 8
252 2 move 35 21
252 3 move 25 32
252 4 move 19 36
253 0 move 37 33
253 1 pick 39 8
253 2 move 34 21
253 3 move 26 32
253 4 move 19 35
254 0 move 38 33
254 1 pick 39 8
254 2 move 33 21
254 3 move 26 31
254 4 move 19 34
255 0 move 39 33
255 1 move 40 9
255 2 move 32 21
255 3 pick 25 31
255 4 move 19 33
256 0 pick 39 32
256 1 move 40 10
256 2 move 31 21
256 3 pick 25 31
256 4 move 19 32
257 0 move 40 33
257 1 move 40 11
257 2 move 30 21
257 3 pick 25 31
257 4 move 19 31
258 0 move 40 32
258 1 pick 39 11
258 2 move 30 22
258 3 move 26 30
258 4 move 19 30
259 0 move 40 31
259 1 pick 39 11
259 2 move 30 23
259 3 move 26 29
259 4 move 19 29
260 0 move 40 30
260 1 pick 39 11
260 2 pick 31 23
260 3 move 27 29
260 4 move 19 28
261 0 pick 39 30
261 1 move 40 12
261 2 move 30 24
261 3 move 28 29
261 4 move 19 27
262 0 move 40 29
262 1 move 40 13
262 2 move 30 25
262 3 move 29 29
262 4 pick 18 27
263 0 move 40 28
263 1 move 40 14
263 2 move 30 26
263 3 move 30 29
263 4 pick 18 27
264 0 pick 39 28
264 1 move 40 15
264 2 move 30 27
264 3 pick 31 29
264 4 pick 18 27
265 0 pick 39 28
265 1 move 40 16
265 2 move 30 28
265 3 move 30 30
265 4 move 19 28
266 0 pick 39 28
266 1 move 39 16
266 2 move 30 29
266 3 move 30 31
266 4 move 19 29
267 0 move 40 29
267 1 move 38 16
267 2 move 30 30
267 3 move 30 32
267 4 move 19 30
268 0 move 40 30
268 1 move 37 16
268 2 move 30 31
268 3 move 31 32
268 4 move 19 31
269 0 move 40 31
269 1 move 36 16
269 2 move 30 32
269 3 move 32 32
269 4 move 19 32
270 0 move 40 32
270 1 move 35 16
270 2 move 30 33
270 3 move 33 32
270 4 move 18 32
271 0 move 40 33
271 1 move 34 16
271 2 move 30 34
271 3 move 33 31
271 4 move 17 32
272 0 move 40 34
272 1 move 33 16
272 2 move 30 35
272 3 move 33 30
272 4 move 16 32
273 0 move 40 35
273 1 move 33 15
273 2 move 30 36
273 3 move 33 29
273 4 move 16 31
274 0 move 40 36
274 1 move 33 14
274 2 move 30 37
274 3 pick 32 29
274 4 move 16 30
275 0 move 40 37
275 1 pick 32 14
275 2 move 30 38
275 3 move 33 28
275 4 move 16 29
276 0 move 40 38
276 1 move 33 15
276 2 move 30 39
276 3 move 33 27
276 4 move 16 28
277 0 move 40 39
277 1 move 33 16
277 2 fulfill 30 39
277 3 pick 32 27
277 4 move 16 27
278 0 fulfill 40 39
278 1 move 32 16
278 2 move 30 38
278 3 pick 32 27
278 4 pick 17 27
279 0 move 40 38
279 1 move 31 16
279 2 move 30 37
279 3 pick 32 27
279 4 move 16 26
280 0 move 40 37
280 1 move 30 16
280 2 move 30 36
280 3 pick 32 27
280 4 move 16 25
281 0 move 40 36
281 1 move 29 16
281 2 move 30 35
281 3 pick 32 27
281 4 move 16 24
282 0 move 40 35
282 1 move 28 16
282 2 move 30 34
282 3 pick 32 27
282 4 move 16 23
283 0 move 40 34
283 1 move 27 16
283 2 move 30 33
283 3 move 33 26
283 4 move 16 22
284 0 move 40 33
284 1 move 26 16
284 2 move 30 32
284 3 pick 32 26
284 4 pick 17 22
285 0 move 40 32
285 1 move 26 15
285 2 move 30 31
285 3 pick 32 26
285 4 move 16 21
286 0 move 40 31
286 1 move 26 14
286 2 pick 31 31
286 3 move 33 27
286 4 move 16 20
287 0 move 40 30
287 1 move 26 13
287 2 move 29 31
287 3 move 33 28
287 4 move 16 19
288 0 move 40 29
288 1 move 26 12
288 2 move 28 31
288 3 move 33 29
288 4 move 16 18
289 0 pick 39 29
289 1 move 26 11
289 2 move 27 31
289 3 move 33 30
289 4 move 16 17
290 0 pick 39 29
290 1 pick 25 11
290 2 move 26 31
290 3 move 33 31
290 4 move 16 16
291 0 pick 39 29
291 1 move 26 10
291 2 pick 25 31
291 3 move 33 32
291 4 move 17 16
292 0 move 40 28
292 1 move 26 9
292 2 move 26 32
292 3 move 33 33
292 4 move 18 16
293 0 pick 39 28
293 1 move 26 8
293 2 move 25 32
293 3 move 33 34
293 4 move 19 16
294 0 pick 39 28
294 1 move 26 7
294 2 move 24 32
294 3 move 33 35
294 4 move 19 15
295 0 move 40 29
295 1 move 26 6
295 2 move 23 32
295 3 move 33 36
295 4 move 20 15
296 0 move 40 30
296 1 move 26 5
296 2 move 22 32
296 3 move 33 37
296 4 move 21 15
297 0 move 40 31
297 1 move 26 4
297 2 move 21 32
297 3 move 33 38
297 4 move 22 15
298 0 move 40 32
298 1 move 26 3
298 2 move 20 32
298 3 move 33 39
298 4 move 23 15
299 0 move 40 33
299 1 move 26 2
299 2 move 19 32
299 3 fulfill 33 39
299 4 pick 24 15
300 0 move 39 33
300 1 move 26 1
300 2 move 19 31
300 3 move 33 38
300 4 move 23 14
301 0 move 38 33
301 1 move 26 0
301 2 move 19 30
301 3 move 33 37
301 4 move 23 13
302 0 move 37 33
302 1 fulfill 26 0
302 2 pick 18 30
302 3 move 33 36
302 4 move 23 12
303 0 move 37 32
303 1 move 26 1
303 2 move 19 29
303 3 move 33 35
303 4 move 23 11
304 0 move 37 31
304 1 move 26 2
304 2 move 19 28
304 3 move 33 34
304 4 move 23 10
305 0 move 37 30
305 1 move 26 3
305 2 move 19 27
305 3 move 33 33
305 4 move 23 9
306 0 move 37 29
306 1 move 26 4
306 2 pick 18 27
306 3 move 33 32
306 4 move 23 8
307 0 move 37 28
307 1 move 26 5
307 2 pick 18 27
307 3 move 33 31
307 4 move 23 7
308 0 pick 38 28
308 1 move 26 6
308 2 pick 18 27
308 3 move 33 30
308 4 move 23 6
309 0 pick 38 28
309 1 move 26 7
309 2 pick 18 27
309 3 move 33 29
309 4 move 23 5
310 0 pick 38 28
310 1 move 26 8
310 2 pick 18 27
310 3 move 33 28
310 4 move 23 4
311 0 move 37 29
311 1 pick 25 8
311 2 move 19 28
311 3 move 33 27
311 4 move 23 3
312 0 move 37 30
312 1 pick 25 8
312 2 move 19 29
312 3 pick 32 27
312 4 move 23 2
313 0 pick 38 30
313 1 pick 25 8
313 2 move 19 30
313 3 pick 32 27
313 4 move 23 1
314 0 move 37 29
314 1 pick 25 8
314 2 move 19 31
314 3 move 33 28
314 4 move 23 0
315 0 move 37 28
315 1 move 27 8
315 2 move 19 32
315 3 move 33 29
315 4 fulfill 23 0
316 0 move 37 27
316 1 move 28 8
316 2 move 19 33
316 3 move 33 30
316 4 move 23 1
317 0 move 37 26
317 1 move 29 8
317 2 move 19 34
317 3 move 33 31
317 4 move 23 2
318 0 move 37 25
318 1 move 30 8
318 2 move 19 35
318 3 move 33 32
318 4 move 23 3
319 0 pick 38 25
319 1 pick 31 8
319 2 move 19 36
319 3 move 32 32
319 4 move 23 4
320 0 move 37 26
320 1 pick 31 8
320 2 move 19 37
320 3 move 31 32
320 4 move 23 5
321 0 move 37 27
321 1 move 30 9
321 2 move 19 38
321 3 move 30 32
321 4 move 24 5
322 0 move 37 28
322 1 move 30 10
322 2 move 19 39
322 3 move 30 31
322 4 move 25 5
323 0 move 37 29
323 1 move 30 11
323 2 fulfill 19 39
323 3 move 30 30
323 4 move 26 5
324 0 move 37 30
324 1 move 30 12
324 2 move 19 38
324 3 move 30 29
324 4 move 26 6
325 0 move 37 31
325 1 move 30 13
325 2 move 19 37
325 3 move 30 28
325 4 move 26 7
326 0 move 37 32
326 1 move 30 14
326 2 move 19 36
326 3 move 30 27
326 4 move 26 8
327 0 move 37 33
327 1 move 30 15
327 2 move 19 35
327 3 pick 31 27
327 4 pick 25 8
328 0 move 37 34
328 1 pick 31 15
328 2 move 19 34
328 3 move 29 27
328 4 pick 25 8
329 0 move 37 35
329 1 move 29 15
329 2 move 19 33
329 3 move 28 27
329 4 pick 25 8
330 0 move 37 36
330 1 move 28 15
330 2 move 19 32
330 3 move 27 27
330 4 pick 25 8
331 0 move 37 37
331 1 move 27 15
331 2 move 19 31
331 3 move 26 27
331 4 pick 25 8
332 0 move 37 38
332 1 move 26 15
332 2 move 19 30
332 3 move 26 26
332 4 pick 25 8
333 0 move 37 39
333 1 move 26 16
333 2 move 19 29
333 3 pick 25 26
333 4 move 26 9
334 0 fulfill 37 39
334 1 move 25 16
334 2 move 19 28
334 3 move 26 25
334 4 move 27 9
335 0 move 37 38
335 1 move 24 16
335 2 move 19 27
335 3 pick 25 25
335 4 move 28 9
336 0 move 37 37
336 1 move 24 17
336 2 pick 18 27
336 3 pick 25 25
336 4 move 29 9
337 0 move 37 36
337 1 move 24 18
337 2 pick 18 27
337 3 move 26 26
337 4 move 30 9
338 0 move 37 35
338 1 move 24 19
338 2 pick 18 27
338 3 move 26 27
338 4 pick 31 9
339 0 move 37 34
339 1 move 24 20
339 2 pick 18 27
339 3 move 26 28
339 4 move 30 10
340 0 move 37 33
340 1 move 24 21
340 2 move 19 26
340 3 move 26 29
340 4 move 30 11
341 0 move 38 33
341 1 pick 24 22
341 2 pick 18 26
341 3 move 26 30
341 4 move 30 12
342 0 move 39 33
342 1 move 23 21
342 2 move 19 27
342 3 move 26 31
342 4 move 30 13
343 0 pick 39 32
343 1 move 23 22
343 2 move 19 28
343 3 move 26 32
343 4 move 30 14
344 0 move 38 33
344 1 move 23 23
344 2 move 19 29
344 3 move 26 33
344 4 move 30 15
345 0 move 37 33
345 1 move 23 24
345 2 move 19 30
345 3 move 26 34
345 4 pick 31 15
346 0 move 37 32
346 1 move 23 25
346 2 move 19 31
346 3 move 26 35
346 4 move 29 15
347 0 move 37 31
347 1 move 23 26
347 2 move 19 32
347 3 move 26 36
347 4 move 28 15
348 0 pick 38 31
348 1 move 23 27
348 2 move 18 32
348 3 move 26 37
348 4 move 27 15
349 0 move 37 30
349 1 move 23 28
349 2 move 17 32
349 3 move 26 38
349 4 move 26 15
350 0 move 37 29
350 1 move 23 29
350 2 move 16 32
350 3 move 26 39
350 4 move 26 16
351 0 move 37 28
351 1 move 23 30
351 2 move 16 31
351 3 fulfill 26 39
351 4 move 25 16
352 0 pick 38 28
352 1 move 23 31
352 2 move 16 30
352 3 move 26 38
352 4 move 24 16
353 0 move 37 29
353 1 move 23 32
353 2 move 16 29
353 3 move 26 37
353 4 move 23 16
354 0 move 37 30
354 1 move 23 33
354 2 pick 17 29
354 3 move 26 36
354 4 move 22 16
355 0 move 37 31
355 1 move 23 34
355 2 move 16 30
355 3 move 26 35
355 4 move 21 16
356 0 move 37 32
356 1 move 23 35
356 2 move 16 31
356 3 move 26 34
356 4 move 20 16
357 0 move 37 33
357 1 move 23 36
357 2 move 16 32
357 3 move 26 33
357 4 move 19 16
358 0 move 38 33
358 1 move 23 37
358 2 move 16 33
358 3 move 26 32
358 4 move 19 15
359 0 move 39 33
359 1 move 23 38
359 2 move 16 34
359 3 move 26 31
359 4 pick 18 15
360 0 move 40 33
360 1 move 23 39
360 2 move 16 35
360 3 pick 25 31
360 4 move 19 16
361 0 move 40 32
361 1 move 24 39
361 2 move 16 36
361 3 move 26 30
361 4 move 19 17
362 0 move 40 31
362 1 fulfill 24 39
362 2 move 16 37
362 3 move 26 29
362 4 move 19 18
363 0 move 40 30
363 1 move 24 38
363 2 move 16 38
363 3 move 26 28
363 4 move 19 19
364 0 move 40 29
364 1 move 24 37
364 2 move 16 39
364 3 pick 25 28
364 4 move 19 20
365 0 move 40 28
365 1 move 24 36
365 2 fulfill 16 39
365 3 move 26 27
365 4 move 19 21
366 0 pick 39 28
366 1 move 24 35
366 2 move 16 38
366 3 move 26 26
366 4 move 19 22
367 0 pick 39 28
367 1 move 24 34
367 2 move 16 37
367 3 move 26 25
367 4 move 20 22
368 0 pick 39 28
368 1 move 24 33
368 2 move 16 36
368 3 move 26 24
368 4 move 21 22
369 0 move 40 29
369 1 move 24 32
369 2 move 16 35
369 3 pick 25 24
369 4 move 22 22
370 0 pick 39 29
370 1 move 25 32
370 2 move 16 34
370 3 move 27 24
370 4 move 23 22
371 0 pick 39 29
371 1 pick 25 31
371 2 move 16 33
371 3 move 28 24
371 4 pick 24 22
372 0 pick 39 29
372 1 pick 25 31
372 2 move 16 32
372 3 move 29 24
372 4 pick 24 22
373 0 pick 39 29
373 1 pick 25 31
373 2 move 16 31
373 3 move 30 24
373 4 pick 24 22
374 0 pick 39 29
374 1 pick 25 31
374 2 move 16 30
374 3 pick 31 24
374 4 move 23 23
375 0 move 40 28
375 1 pick 25 31
375 2 move 16 29
375 3 pick 31 24
375 4 move 23 24
376 0 move 40 27
376 1 pick 25 31
376 2 pick 17 29
376 3 pick 31 24
376 4 move 23 25
377 0 move 40 26
377 1 move 26 32
377 2 move 16 28
377 3 move 30 23
377 4 move 23 26
378 0 move 40 25
378 1 move 26 31
378 2 pick 17 28
378 3 move 30 22
378 4 move 23 27
379 0 move 40 24
379 1 move 26 30
379 2 pick 17 28
379 3 move 30 21
379 4 move 23 28
380 0 move 40 23
380 1 move 26 29
380 2 pick 17 28
380 3 move 31 21
380 4 move 23 29
381 0 move 40 22
381 1 pick 25 29
381 2 pick 17 28
381 3 move 32 21
381 4 move 23 30
382 0 move 40 21
382 1 move 26 28
382 2 pick 17 28
382 3 move 33 21
382 4 move 23 31
383 0 move 39 21
383 1 pick 25 28
383 2 move 16 29
383 3 move 33 22
383 4 move 23 32
384 0 move 38 21
384 1 move 26 29
384 2 move 16 30
384 3 move 33 23
384 4 move 23 33
385 0 move 37 21
385 1 move 26 30
385 2 move 16 31
385 3 move 33 24
385 4 move 23 34
386 0 move 37 22
386 1 move 26 31
386 2 move 16 32
386 3 move 33 25
386 4 move 23 35
387 0 move 37 23
387 1 move 26 32
387 2 move 17 32
387 3 pick 32 25
387 4 move 23 36
388 0 move 37 24
388 1 move 25 32
388 2 move 18 32
388 3 move 33 26
388 4 move 23 37
389 0 move 37 25
389 1 move 24 32
389 2 move 19 32
389 3 move 33 27
389 4 move 23 38
390 0 pick 38 25
390 1 move 23 32
390 2 move 19 31
390 3 move 33 28
390 4 move 23 39
391 0 move 37 26
391 1 move 23 31
391 2 move 19 30
391 3 move 33 29
391 4 fulfill 23 39
392 0 move 37 27
392 1 move 23 30
392 2 move 19 29
392 3 move 33 30
392 4 move 23 38
393 0 move 37 28
393 1 move 23 29
393 2 move 19 28
393 3 move 33 31
393 4 move 23 37
394 0 move 37 29
394 1 pick 24 29
394 2 move 19 27
394 3 move 33 32
394 4 move 23 36
395 0 move 37 30
395 1 move 22 29
395 2 pick 18 27
395 3 move 33 33
395 4 move 23 35
396 0 move 37 31
396 1 move 21 29
396 2 pick 18 27
396 3 move 33 34
396 4 move 23 34
397 0 move 37 32
397 1 move 20 29
397 2 pick 18 27
397 3 move 33 35
397 4 move 23 33
398 0 move 37 33
398 1 move 19 29
398 2 move 19 26
398 3 move 33 36
398 4 move 23 32
399 0 move 37 34
399 1 move 19 28
399 2 move 19 25
399 3 move 33 37
399 4 move 24 32
400 0 move 37 35
400 1 move 19 27
400 2 pick 18 25
400 3 move 33 38
400 4 move 25 32
401 0 move 37 36
401 1 pick 18 27
401 2 move 19 24
401 3 move 33 39
401 4 pick 25 31
402 0 move 37 37
402 1 pick 18 27
402 2 move 19 23
402 3 fulfill 33 39
402 4 pick 25 31
403 0 move 37 38
403 1 move 19 28
403 2 move 19 22
403 3 move 33 38
403 4 move 24 32
404 0 move 37 39
404 1 move 19 29
404 2 move 19 21
404 3 move 33 37
404 4 move 23 32
405 0 fulfill 37 39
405 1 move 19 30
405 2 move 18 21
405 3 move 33 36
405 4 move 23 31
406 0 move 37 38
406 1 move 19 31
406 2 move 17 21
406 3 move 33 35
406 4 move 23 30
407 0 move 37 37
407 1 move 19 32
407 2 move 16 21
407 3 move 33 34
407 4 move 23 29
408 0 move 37 36
408 1 move 18 32
408 2 move 16 22
408 3 move 33 33
408 4 move 23 28
409 0 move 37 35
409 1 move 18 33
409 2 pick 17 22
409 3 move 33 32
409 4 move 23 27
410 0 move 37 34
410 1 pick 17 33
410 2 move 15 22
410 3 move 33 31
410 4 pick 24 27
411 0 move 37 33
411 1 move 19 33
411 2 move 14 22
411 3 move 33 30
411 4 move 23 26
412 0 move 37 32
412 1 move 19 34
412 2 move 13 22
412 3 move 33 29
412 4 move 23 25
413 0 move 37 31
413 1 move 19 35
413 2 move 12 22
413 3 move 33 28
413 4 move 23 24
414 0 move 37 30
414 1 move 18 35
414 2 move 12 21
414 3 move 33 27
414 4 pick 24 24
415 0 move 37 29
415 1 move 18 36
415 2 move 11 21
415 3 pick 32 27
415 4 move 22 24
416 0 move 37 28
416 1 move 18 37
416 2 move 10 21
416 3 pick 32 27
416 4 move 21 24
417 0 pick 38 28
417 1 move 18 38
417 2 move 10 20
417 3 pick 32 27
417 4 move 20 24
418 0 move 37 27
418 1 move 18 39
418 2 move 10 19
418 3 pick 32 27
418 4 move 19 24
419 0 move 37 26
419 1 fulfill 18 39
419 2 move 10 18
419 3 pick 32 27
419 4 move 19 25
420 0 move 37 25
420 1 move 18 38
420 2 move 10 17
420 3 move 33 26
420 4 move 19 26
421 0 pick 38 25
421 1 move 18 37
421 2 move 10 16
421 3 pick 32 26
421 4 move 19 27
422 0 pick 38 25
422 1 move 18 36
422 2 pick 10 15
422 3 move 33 25
422 4 pick 18 27
423 0 move 37 24
423 1 move 18 35
423 2 pick 10 15
423 3 move 33 24
423 4 pick 18 27
424 0 move 37 23
424 1 move 19 35
424 2 move 11 16
424 3 move 33 23
424 4 pick 18 27
425 0 move 37 22
425 1 move 19 34
425 2 move 12 16
425 3 move 33 22
425 4 move 19 28
426 0 move 37 21
426 1 move 19 33
426 2 move 13 16
426 3 pick 32 22
426 4 move 19 29
427 0 move 38 21
427 1 move 19 32
427 2 move 14 16
427 3 move 33 21
427 4 move 19 30
428 0 move 39 21
428 1 move 19 31
428 2 move 15 16
428 3 move 33 20
428 4 pick 18 30
429 0 move 40 21
429 1 move 19 30
429 2 move 16 16
429 3 move 33 19
429 4 move 19 31
430 0 move 40 22
430 1 pick 18 30
430 2 move 17 16
430 3 move 33 18
430 4 move 19 32
431 0 move 40 23
431 1 move 19 29
431 2 move 18 16
431 3 move 33 17
431 4 move 19 33
432 0 move 40 24
432 1 pick 18 29
432 2 move 19 16
432 3 move 33 16
432 4 move 19 34
433 0 move 40 25
433 1 move 19 28
433 2 move 19 15
433 3 move 33 15
433 4 move 19 35
434 0 move 40 26
434 1 move 19 27
434 2 move 20 15
434 3 move 33 14
434 4 move 19 36
435 0 pick 39 26
435 1 pick 18 27
435 2 move 21 15
435 3 pick 32 14
435 4 move 19 37
436 0 move 40 27
436 1 pick 18 27
436 2 move 22 15
436 3 move 33 15
436 4 move 19 38
437 0 move 40 28
437 1 move 19 26
437 2 move 23 15
437 3 move 33 16
437 4 move 19 39
438 0 pick 39 28
438 1 move 19 25
438 2 pick 24 15
438 3 move 32 16
438 4 fulfill 19 39
439 0 pick 39 28
439 1 pick 18 25
439 2 move 23 14
439 3 move 31 16
439 4 move 19 38
440 0 move 40 29
440 1 move 19 24
440 2 move 23 13
440 3 move 30 16
440 4 move 19 37
441 0 pick 39 29
441 1 move 19 23
441 2 move 23 12
441 3 move 29 16
441 4 move 19 36
442 0 pick 39 29
442 1 move 19 22
442 2 move 23 11
442 3 move 28 16
442 4 move 19 35
443 0 move 40 30
443 1 move 19 21
443 2 move 23 10
443 3 move 27 16
443 4 move 19 34
444 0 move 40 31
444 1 move 18 21
444 2 move 23 9
444 3 move 26 16
444 4 move 19 33
445 0 move 40 32
445 1 move 17 21
445 2 move 23 8
445 3 move 26 15
445 4 move 18 33
446 0 move 40 33
446 1 move 16 21
446 2 move 23 7
446 3 move 26 14
446 4 move 18 32
447 0 move 40 34
447 1 move 16 22
447 2 move 23 6
447 3 move 26 13
447 4 move 17 32
448 0 move 40 35
448 1 move 16 23
448 2 move 23 5
448 3 pick 25 13
448 4 pick 17 31
449 0 move 40 36
449 1 move 16 24
449 2 move 23 4
449 3 move 26 12
449 4 move 16 32
450 0 move 40 37
450 1 move 16 25
450 2 move 23 3
450 3 move 26 11
450 4 move 16 31
451 0 move 40 38
451 1 move 16 26
451 2 move 23 2
451 3 move 26 10
451 4 move 16 30
452 0 move 40 39
452 1 move 16 27
452 2 move 23 1
452 3 move 26 9
452 4 move 16 29
453 0 fulfill 40 39
453 1 pick 17 27
453 2 move 23 0
453 3 move 26 8
453 4 move 16 28
454 0 move 40 38
454 1 pick 17 27
454 2 fulfill 23 0
454 3 move 26 7
454 4 pick 17 28
455 0 move 40 37
455 2 move 23 1
455 3 move 26 6
455 4 pick 17 28
456 0 move 40 36
456 1 move 16 28
456 2 move 23 2
456 3 move 26 5
456 4 move 16 29
457 0 move 40 35
457 1 move 16 29
457 2 move 23 3
457 3 move 26 4
457 4 move 16 30
458 0 move 40 34
458 1 pick 17 29
458 2 move 23 4
458 3 move 26 3
458 4 move 16 31
459 0 move 40 33
459 1 move 16 30
459 2 move 23 5
459 3 move 26 2
459 4 move 16 32
460 0 move 40 32
460 1 move 16 31
460 2 move 23 6
460 3 move 26 1
460 4 move 17 32
461 0 move 40 31
461 1 move 16 32
461 2 move 23 7
461 3 move 26 0
461 4 move 18 32
462 0 move 40 30
462 1 move 16 33
462 2 move 23 8
462 3 fulfill 26 0
462 4 move 19 32
463 0 pick 39 30
463 1 move 16 34
463 2 move 23 9
463 3 move 26 1
463 4 move 19 31
464 0 move 40 29
464 1 move 16 35
464 2 pick 24 9
464 3 move 26 2
464 4 move 19 30
465 0 pick 39 29
465 1 move 16 36
465 2 move 23 10
465 3 move 26 3
465 4 move 19 29
466 0 pick 39 29
466 1 move 16 37
466 2 move 23 11
466 3 move 26 4
466 4 move 19 28
467 0 move 40 28
467 1 move 16 38
467 2 move 23 12
467 3 move 26 5
467 4 move 19 27
468 0 pick 39 28
468 1 move 16 39
468 2 pick 24 12
468 3 move 26 6
468 4 pick 18 27
469 0 pick 39 28
469 1 fulfill 16 39
469 2 pick 24 12
469 3 move 26 7
469 4 move 19 26
470 0 pick 39 28
470 1 move 16 38
470 2 pick 24 12
470 3 move 26 8
470 4 pick 18 26
471 0 pick 39 28
471 1 move 16 37
471 2 pick 24 12
471 3 pick 25 8
471 4 move 19 27
472 0 move 40 27
472 1 move 16 36
472 2 pick 24 12
472 3 pick 25 8
472 4 move 19 28
473 0 move 40 26
473 1 move 16 35
473 2 pick 24 12
473 3 pick 25 8
473 4 move 19 29
474 0 pick 39 26
474 1 move 16 34
474 2 move 22 12
474 3 move 26 9
474 4 move 19 30
475 0 move 40 25
475 1 move 16 33
475 2 move 21 12
475 3 pick 25 9
475 4 move 19 31
476 0 move 40 24
476 1 move 16 32
476 2 move 20 12
476 3 move 27 9
476 4 move 19 32
477 0 pick 39 24
477 1 move 16 31
477 2 move 19 12
477 3 move 28 9
477 4 move 19 33
478 0 pick 39 24
478 1 move 16 30
478 2 pick 18 12
478 3 move 29 9
478 4 move 19 34
479 0 move 40 23
479 1 move 16 29
479 2 move 19 13
479 3 move 30 9
479 4 move 19 35
480 0 move 40 22
480 1 pick 17 29
480 2 move 19 14
480 3 pick 31 9
480 4 move 19 36
481 0 move 40 21
481 1 pick 17 29
481 2 move 19 15
481 3 move 30 10
481 4 move 19 37
482 0 move 39 21
482 1 move 16 28
482 2 move 19 16
482 3 move 30 11
482 4 move 19 38
483 0 move 38 21
483 1 pick 17 28
483 2 move 19 17
483 3 move 30 12
483 4 move 19 39
484 0 move 37 21
484 1 pick 17 28
484 2 move 19 18
484 3 move 30 13
484 4 fulfill 19 39
485 0 move 37 22
485 1 move 16 29
485 2 move 19 19
485 3 move 30 14
485 4 move 19 38
486 0 move 37 23
486 1 move 16 30
486 2 move 19 20
486 3 move 30 15
486 4 move 19 37
487 0 move 37 24
487 1 move 16 31
487 2 move 19 21
487 3 pick 31 15
487 4 move 19 36
488 0 move 37 25
488 1 move 16 32
488 2 move 19 22
488 3 pick 31 15
488 4 move 19 35
489 0 pick 38 25
489 1 move 17 32
489 2 move 20 22
489 3 move 29 15
489 4 move 19 34
490 0 pick 38 25
490 1 move 18 32
490 2 move 21 22
490 3 move 28 15
490 4 move 19 33
491 0 pick 38 25
491 1 move 19 32
491 2 move 22 22
491 3 move 27 15
491 4 move 18 33
492 0 move 37 26
492 1 move 19 31
492 2 move 23 22
492 3 move 26 15
492 4 pick 17 33
493 0 move 37 27
493 1 move 19 30
493 2 pick 24 22
493 3 move 26 16
493 4 move 18 32
494 0 move 37 28
494 1 move 19 29
494 2 move 23 23
494 3 move 25 16
494 4 move 17 32
495 0 move 37 29
495 1 pick 18 29
495 2 move 23 24
495 3 move 24 16
495 4 move 16 32
496 0 move 37 30
496 1 move 19 28
496 2 move 23 25
496 3 move 23 16
496 4 move 16 31
497 0 move 37 31
497 1 move 19 27
497 2 move 23 26
497 3 move 22 16
497 4 move 16 30
498 0 move 37 32
498 1 pick 18 27
498 2 move 23 27
498 3 move 21 16
498 4 pick 17 30
499 0 move 37 33
499 1 pick 18 27
499 2 move 23 28
499 3 move 20 16
499 4 move 16 29
500 0 move 37 34
500 1 pick 18 27
500 2 move 23 29
500 3 move 19 16
500 4 pick 17 29
501 0 move 37 35
501 1 pick 18 27
501 2 move 23 30
501 3 move 19 15
501 4 move 16 28
502 0 move 37 36
502 1 move 19 28
502 2 move 23 31
502 3 pick 18 15
502 4 pick 17 28
503 0 move 37 37
503 1 move 19 29
503 2 move 23 32
503 3 move 19 14
503 4 pick 17 28
504 0 move 37 38
504 1 move 20 29
504 2 move 23 33
504 3 move 19 13
504 4 pick 17 28
505 0 move 37 39
505 1 move 21 29
505 2 move 23 34
505 3 move 19 12
505 4 pick 17 28
506 0 fulfill 37 39
506 1 move 22 29
506 2 move 23 35
506 3 move 19 11
506 4 pick 17 28
507 0 move 37 38
507 1 move 23 29
507 2 move 23 36
507 3 move 19 10
507 4 pick 17 28
508 0 move 37 37
508 1 pick 24 29
508 2 move 23 37
508 3 move 19 9
508 4 pick 17 28
509 0 move 37 36
509 1 move 23 28
509 2 move 23 38
509 3 move 19 8
509 4 move 16 27
510 0 move 37 35
510 1 move 23 27
510 2 move 23 39
510 3 move 19 7
510 4 move 16 26
511 0 move 37 34
511 1 move 23 26
511 2 fulfill 23 39
511 3 move 19 6
511 4 move 16 25
512 0 move 37 33
512 1 move 23 25
512 2 move 23 38
512 3 move 19 5
512 4 move 16 24
513 0 move 38 33
513 1 move 23 24
513 2 move 24 38
513 3 move 19 4
513 4 pick 17 24
514 0 move 39 33
514 1 move 23 23
514 2 move 25 38
514 3 move 19 3
514 4 move 16 23
515 0 move 40 33
515 1 move 23 22
515 2 move 25 37
515 3 move 19 2
515 4 move 16 22
516 0 move 40 32
516 1 move 23 21
516 2 move 25 36
516 3 move 19 1
516 4 move 16 21
517 0 move 40 31
517 1 move 24 21
517 2 move 25 35
517 3 move 19 0
517 4 move 17 21
518 0 move 40 30
518 1 move 25 21
518 2 move 25 34
518 3 fulfill 19 0
518 4 move 18 21
519 0 move 40 29
519 1 move 26 21
519 2 move 25 33
519 3 move 19 1
519 4 move 19 21
520 0 pick 39 29
520 1 move 26 22
520 2 move 25 32
520 3 move 19 2
520 4 move 19 22
521 0 pick 39 29
521 1 pick 25 22
521 2 pick 25 31
521 3 move 19 3
521 4 move 19 23
522 0 move 40 28
522 1 pick 25 22
522 2 pick 25 31
522 3 move 19 4
522 4 move 19 24
523 0 pick 39 28
523 1 move 26 23
523 2 pick 25 31
523 3 move 19 5
523 4 move 19 25
524 0 pick 39 28
524 1 move 26 24
524 2 pick 25 31
524 3 move 19 6
524 4 move 19 26
525 0 pick 39 28
525 1 move 26 25
525 2 pick 25 31
525 3 move 19 7
525 4 pick 18 26
526 0 pick 39 28
526 1 move 26 26
526 2 move 26 32
526 3 move 19 8
526 4 pick 18 26
527 0 move 40 27
527 1 move 26 27
527 2 move 26 31
527 3 move 19 9
527 4 move 19 27
528 0 move 40 26
528 1 move 26 28
528 2 move 26 30
528 3 move 19 10
528 4 pick 18 27
529 0 pick 39 26
529 1 move 26 29
529 3 move 19 11
529 4 move 19 28
530 0 move 40 25
530 1 move 26 30
530 2 move 26 29
530 3 move 19 12
530 4 move 19 29
531 0 move 40 24
531 1 move 26 31
531 2 move 26 28
531 3 pick 18 12
531 4 move 19 30
532 0 move 40 23
532 1 move 26 32
532 2 pick 25 28
532 3 move 20 12
532 4 move 19 31
533 0 move 40 22
533 1 move 26 33
533 2 pick 25 28
533 3 move 21 12
533 4 move 19 32
534 0 move 40 21
534 1 move 26 34
534 2 pick 25 28
534 3 move 22 12
534 4 move 19 33
535 0 move 39 21
535 1 move 26 35
535 2 move 26 27
535 3 move 23 12
535 4 move 19 34
536 0 move 38 21
536 1 move 26 36
536 2 move 26 26
536 3 pick 24 12
536 4 move 19 35
537 0 move 37 21
537 1 move 26 37
537 2 pick 25 26
537 3 pick 24 12
537 4 move 19 36
538 0 move 37 22
538 1 move 26 38
538 2 move 26 25
538 3 pick 24 12
538 4 move 19 37
539 0 move 37 23
539 1 move 26 39
539 2 move 26 24
539 3 pick 24 12
539 4 move 19 38
540 0 move 37 24
540 1 fulfill 26 39
540 2 move 27 24
540 3 pick 24 12
540 4 move 19 39
541 0 move 37 25
541 1 move 26 38
541 2 move 28 24
541 3 move 23 11
541 4 fulfill 19 39
542 0 pick 38 25
542 1 move 26 37
542 2 move 29 24
542 3 move 23 10
542 4 move 19 38
543 0 move 36 25
543 1 move 26 36
543 2 move 30 24
543 3 move 23 9
543 4 move 19 37
544 0 move 35 25
544 1 move 26 35
544 2 pick 31 24
544 3 move 23 8
544 4 move 19 36
545 0 move 34 25
545 1 move 26 34
545 2 pick 31 24
545 3 move 23 7
545 4 move 19 35
546 0 move 33 25
546 1 move 26 33
546 2 pick 31 24
546 3 move 23 6
546 4 move 19 34
547 0 move 33 24
547 1 move 26 32
547 2 move 30 25
547 3 move 23 5
547 4 move 19 33
548 0 move 33 23
548 1 move 26 31
548 2 move 30 26
548 3 move 23 4
548 4 move 19 32
549 0 move 33 22
549 1 move 26 30
549 2 move 30 27
549 3 move 23 3
549 4 move 19 31
550 0 move 33 21
550 1 move 26 29
550 2 move 30 28
550 3 move 23 2
550 4 move 19 30
551 0 move 32 21
551 1 move 26 28
551 2 move 30 29
551 3 move 23 1
551 4 move 19 29
552 0 move 31 21
552 1 pick 25 28
552 2 move 30 30
552 3 move 23 0
552 4 move 19 28
553 0 move 30 21
553 1 move 26 27
553 2 move 30 31
553 3 fulfill 23 0
553 4 move 19 27
554 0 move 30 22
554 1 move 26 26
554 2 move 30 32
554 3 move 23 1
554 4 pick 18 27
555 0 move 30 23
555 1 move 26 25
555 2 move 31 32
555 3 move 23 2
555 4 pick 18 27
556 0 pick 31 23
556 1 move 26 24
556 2 move 32 32
556 3 move 23 3
556 4 pick 18 27
557 0 move 30 24
557 1 pick 25 24
557 2 move 33 32
557 3 move 23 4
557 4 move 19 28
558 0 move 30 25
558 1 move 27 24
558 2 move 34 32
558 3 move 23 5
558 4 move 19 29
559 0 move 30 26
559 1 move 28 24
559 2 move 35 32
559 3 move 23 6
559 4 move 19 30
560 0 move 30 27
560 1 move 29 24
560 2 move 36 32
560 3 move 23 7
560 4 move 19 31
561 0 move 30 28
561 1 move 30 24
561 2 move 37 32
561 3 move 23 8
561 4 move 19 32
562 0 move 30 29
562 1 pick 31 24
562 2 pick 38 32
562 3 move 23 9
562 4 move 18 32
563 0 move 30 30
563 1 pick 31 24
563 2 move 37 33
563 3 pick 24 9
563 4 move 17 32
564 0 move 30 31
564 1 pick 31 24
564 2 move 37 34
564 3 move 23 10
564 4 move 16 32
565 0 move 30 32
565 1 move 30 23
565 2 move 37 35
565 3 move 23 11
565 4 move 16 31
566 0 move 30 33
566 1 move 30 22
566 2 move 37 36
566 3 move 23 12
566 4 move 16 30
567 0 move 30 34
567 1 move 30 21
567 2 move 37 37
567 3 pick 24 12
567 4 move 16 29
568 0 move 30 35
568 1 move 30 20
568 2 move 37 38
568 3 pick 24 12
568 4 pick 17 29
569 0 move 30 36
569 1 move 30 19
569 2 move 37 39
569 3 pick 24 12
569 4 move 15 29
570 0 move 30 37
570 1 move 30 18
570 2 fulfill 37 39
570 3 pick 24 12
570 4 move 14 29
571 0 move 30 38
571 1 move 30 17
571 2 move 37 38
571 3 move 22 12
571 4 move 13 29
572 0 move 30 39
572 1 move 30 16
572 2 move 37 37
572 3 move 21 12
572 4 move 12 29
573 0 fulfill 30 39
573 1 move 30 15
573 2 move 37 36
573 3 move 20 12
573 4 move 12 30
574 0 move 30 38
574 1 move 30 14
574 2 move 37 35
574 3 move 19 12
574 4 move 12 31
575 0 move 30 37
575 1 move 30 13
575 2 move 37 34
575 3 move 19 13
575 4 move 12 32
576 0 move 30 36
576 1 pick 31 13
576 2 move 37 33
576 3 move 19 14
576 4 move 11 32
577 0 move 30 35
577 1 move 30 12
577 2 move 37 32
577 3 move 19 15
577 4 move 10 32
578 0 move 30 34
578 1 move 30 11
578 2 move 37 31
578 3 pick 18 15
578 4 move 9 32
579 0 move 30 33
579 1 move 30 10
579 2 pick 38 31
579 3 move 19 16
579 4 move 9 31
580 0 move 30 32
580 1 move 30 9
580 2 move 37 30
580 3 move 18 16
580 4 move 9 30
581 0 move 30 31
581 1 move 30 8
581 2 move 37 29
581 3 move 17 16
581 4 move 9 29
582 0 pick 31 31
582 1 move 30 7
582 2 pick 38 29
582 3 move 16 16
582 4 move 9 28
583 0 move 30 30
583 1 move 30 6
583 2 move 37 28
583 3 move 16 15
583 4 move 9 27
584 0 move 30 29
584 1 move 30 5
584 2 pick 38 28
584 3 move 16 14
584 4 pick 10 27
585 0 move 30 28
585 1 move 30 4
585 2 move 37 29
585 3 move 16 13
585 4 move 9 26
586 0 move 30 27
586 1 move 30 3
586 2 move 37 30
586 3 move 16 12
586 4 move 9 25
587 0 move 30 26
587 1 move 30 2
587 2 move 37 31
587 3 move 16 11
587 4 move 9 24
588 0 move 30 25
588 1 move 30 1
588 2 move 37 32
588 3 pick 17 11
588 4 move 9 23
589 0 move 30 24
589 1 move 30 0
589 2 move 37 33
589 3 move 16 10
589 4 move 9 22
590 0 pick 31 24
590 1 fulfill 30 0
590 2 move 38 33
590 3 move 16 9
590 4 move 9 21
591 0 pick 31 24
591 1 move 30 1
591 2 move 39 33
591 3 move 16 8
591 4 move 9 20
592 0 pick 31 24
592 1 move 30 2
592 2 move 40 33
592 3 move 16 7
592 4 move 9 19
593 0 move 29 24
593 1 move 30 3
593 2 move 40 32
593 3 move 16 6
593 4 move 9 18
594 0 move 28 24
594 1 move 30 4
594 2 move 40 31
594 3 move 16 5
594 4 move 9 17
595 0 move 27 24
595 1 move 30 5
595 2 move 40 30
595 3 move 16 4
595 4 move 9 16
596 0 move 26 24
596 1 move 30 6
596 2 move 40 29
596 3 move 16 3
596 4 move 10 16
597 0 move 26 25
597 1 pick 31 6
597 2 move 40 28
597 3 move 16 2
597 4 move 11 16
598 0 move 26 26
598 1 move 30 7
598 2 pick 39 28
598 3 move 16 1
598 4 move 12 16
599 0 pick 25 26
599 1 move 30 8
599 2 pick 39 28
599 3 move 16 0
599 4 move 13 16
600 0 move 26 25
600 1 pick 31 8
600 2 move 40 29
600 3 fulfill 16 0
600 4 move 14 16
601 0 move 26 24
601 1 move 30 9
601 2 pick 39 29
601 3 move 16 1
601 4 move 15 16
602 0 move 26 23
602 1 pick 31 9
602 2 move 40 30
602 3 move 16 2
602 4 move 16 16
603 0 move 26 22
603 1 pick 31 9
603 2 move 40 31
603 3 move 16 3
603 4 move 17 16
604 0 move 26 21
604 1 move 29 9
604 2 move 40 32
604 3 move 16 4
604 4 move 18 16
605 0 move 25 21
605 1 move 28 9
605 2 pick 39 32
605 3 move 16 5
605 4 move 19 16
606 0 move 24 21
606 1 move 27 9
606 2 move 40 33
606 3 move 16 6
606 4 move 19 15
607 0 move 23 21
607 1 move 26 9
607 2 move 40 34
607 3 move 16 7
607 4 move 19 14
608 0 move 22 21
608 1 move 26 8
608 2 move 40 35
608 3 pick 17 7
608 4 move 19 13
609 0 move 21 21
609 1 pick 25 8
609 2 move 40 36
609 3 move 16 8
609 4 move 19 12
610 0 move 20 21
610 1 pick 25 8
610 2 move 40 37
610 3 move 16 9
610 4 pick 18 12
611 0 move 19 21
611 1 pick 25 8
611 2 move 40 38
611 3 pick 17 9
611 4 move 19 11
612 0 move 18 21
612 1 move 27 8
612 2 move 40 39
612 3 move 16 10
612 4 move 19 10
613 0 move 17 21
613 1 move 28 8
613 2 fulfill 40 39
613 3 move 16 11
613 4 move 19 9
614 0 move 16 21
614 1 move 29 8
614 2 move 40 38
614 3 pick 17 11
614 4 move 19 8
615 0 move 16 22
615 1 move 30 8
615 2 move 40 37
615 3 pick 17 11
615 4 move 19 7
616 0 move 16 23
616 1 move 30 7
616 2 move 40 36
616 3 move 16 12
616 4 move 19 6
617 0 move 16 24
617 1 move 30 6
617 2 move 40 35
617 3 pick 17 12
617 4 move 19 5
618 0 move 16 25
618 1 move 30 5
618 2 move 40 34
618 3 move 16 13
618 4 move 19 4
619 0 move 16 26
619 1 move 31 5
619 2 move 40 33
619 3 pick 17 13
619 4 move 19 3
620 0 pick 17 26
620 1 move 32 5
620 2 move 40 32
620 3 move 16 14
620 4 move 19 2
621 0 move 15 26
621 1 move 33 5
621 2 pick 39 32
621 3 move 16 15
621 4 move 19 1
622 0 move 14 26
622 1 move 33 6
622 2 pick 39 32
622 3 move 16 16
622 4 move 19 0
623 0 move 13 26
623 1 move 33 7
623 2 move 40 33
623 3 move 17 16
623 4 fulfill 19 0
624 0 move 12 26
624 1 move 33 8
624 2 move 39 33
624 3 move 18 16
624 4 move 19 1
625 0 move 12 25
625 1 move 33 9
625 2 move 38 33
625 3 move 19 16
625 4 move 19 2
626 0 pick 11 25
626 1 move 34 9
626 2 move 37 33
626 3 move 19 15
626 4 move 19 3
627 0 move 12 24
627 1 move 35 9
627 2 move 37 32
627 3 move 19 14
627 4 move 19 4
628 0 move 12 23
628 1 move 36 9
628 2 pick 38 32
628 3 move 19 13
628 4 move 19 5
629 0 move 12 22
629 1 move 37 9
629 2 move 37 31
629 3 move 19 12
629 4 move 19 6
630 0 move 12 21
630 1 pick 38 9
630 2 move 37 30
630 3 move 19 11
630 4 move 19 7
631 0 move 11 21
631 1 pick 38 9
631 2 move 37 29
631 3 pick 18 11
631 4 pick 18 7
632 0 move 10 21
632 1 move 37 8
632 2 move 37 28
632 3 move 19 12
632 4 move 19 6
633 0 move 9 21
633 1 move 37 7
633 2 move 37 27
633 3 move 19 13
633 4 move 19 5
634 0 move 8 21
634 1 move 37 6
634 2 move 37 26
634 3 move 19 14
634 4 move 18 5
635 0 move 7 21
635 1 move 37 5
635 2 move 37 25
635 3 move 19 15
635 4 move 17 5
636 0 move 6 21
636 1 move 37 4
636 2 pick 38 25
636 3 pick 18 15
636 4 move 16 5
637 0 move 5 21
637 1 move 37 3
637 2 move 36 25
637 3 move 19 14
637 4 move 16 6
638 0 move 4 21
638 1 move 37 2
638 2 move 35 25
638 3 move 19 13
638 4 move 16 7
639 0 move 3 21
639 1 move 37 1
639 2 move 34 25
639 3 move 19 12
639 4 move 16 8
640 0 move 2 21
640 1 move 37 0
640 2 move 33 25
640 3 move 20 12
640 4 move 16 9
641 0 move 1 21
641 1 fulfill 37 0
641 2 move 33 26
641 3 move 21 12
641 4 move 16 10
642 0 move 0 21
642 1 move 37 1
642 2 move 33 27
642 3 move 22 12
642 4 move 16 11
643 0 move 0 22
643 1 move 37 2
643 2 pick 32 27
643 3 move 23 12
643 4 pick 17 11
644 0 move 0 23
644 1 move 38 2
644 2 pick 32 27
644 3 pick 24 12
644 4 pick 17 11
645 0 move 0 24
645 1 pick 39 2
645 2 pick 32 27
645 3 pick 24 12
645 4 pick 17 11
646 0 move 0 25
646 1 pick 38 3
646 2 move 33 28
646 3 pick 24 12
646 4 pick 17 11
647 0 fulfill 0 25
647 1 move 37 2
647 2 move 33 29
647 3 move 23 11
647 4 move 16 12
648 0 move 0 24
648 1 move 37 3
648 2 move 33 30
648 3 move 23 10
648 4 pick 17 12
649 0 move 0 23
649 1 move 37 4
649 2 move 33 31
649 3 move 23 9
649 4 move 16 13
650 0 move 0 22
650 1 move 37 5
650 2 move 33 32
650 3 move 23 8
650 4 move 16 14
651 0 move 1 22
651 1 move 38 5
651 2 move 33 33
651 3 move 23 7
651 4 move 16 15
652 0 move 2 22
652 1 pick 39 5
652 2 move 33 34
652 3 move 23 6
652 4 move 16 16
653 0 move 3 22
653 1 move 37 5
653 2 move 33 35
653 3 move 23 5
653 4 move 17 16
654 0 move 4 22
654 1 move 37 4
654 2 move 33 36
654 3 move 23 4
654 4 move 18 16
655 0 move 5 22
655 1 move 37 3
655 2 move 33 37
655 3 move 23 3
655 4 move 19 16
656 0 move 6 22
656 1 move 37 2
656 2 move 33 38
656 3 move 23 2
656 4 move 19 15
657 0 move 7 22
657 1 move 37 1
657 2 move 33 39
657 3 move 23 1
657 4 pick 18 15
658 0 move 8 22
658 1 move 37 0
658 2 fulfill 33 39
658 3 move 23 0
658 4 move 19 14
659 0 move 9 22
659 1 move 38 0
659 2 move 33 38
659 3 fulfill 23 0
659 4 move 19 13
660 0 pick 10 22
660 1 move 39 0
660 2 move 33 37
660 3 move 23 1
660 4 move 19 12
661 0 move 9 21
661 1 move 39 1
661 2 move 33 36
661 3 move 23 2
661 4 move 20 12
662 0 move 9 20
662 1 move 40 1
662 2 move 33 35
662 3 move 23 3
662 4 move 21 12
663 0 move 9 19
663 1 move 40 2
663 2 move 33 34
663 3 move 23 4
663 4 move 22 12
664 0 move 9 18
664 1 move 40 3
664 2 move 33 33
664 3 move 23 5
664 4 move 23 12
665 0 move 9 17
665 1 move 40 4
665 2 move 33 32
665 3 move 23 6
665 4 pick 24 12
666 0 move 9 16
666 1 move 40 5
666 2 move 33 31
666 3 move 23 7
666 4 pick 24 12
667 0 move 10 16
667 1 move 40 6
667 2 move 33 30
667 3 move 23 8
667 4 pick 24 12
668 0 move 11 16
668 1 pick 39 6
668 2 pick 32 30
668 3 move 23 9
668 4 pick 24 12
669 0 pick 11 15
669 1 move 40 7
669 2 move 33 29
669 3 pick 24 9
669 4 move 23 13
670 0 move 12 16
670 1 pick 39 7
670 2 move 33 28
670 3 move 23 10
670 4 move 23 14
671 0 move 12 15
671 1 move 40 8
671 2 move 33 27
671 3 move 23 11
671 4 move 23 15
672 0 move 12 14
672 1 move 40 9
672 2 pick 32 27
672 3 move 23 12
672 4 move 23 16
673 0 move 12 13
673 1 move 40 10
673 2 pick 32 27
673 3 pick 24 12
673 4 move 23 17
674 0 move 12 12
674 1 move 40 11
674 2 pick 32 27
674 3 pick 24 12
674 4 move 23 18
675 0 pick 11 12
675 1 pick 39 11
675 2 pick 32 27
675 3 move 23 13
675 4 move 23 19
676 0 move 12 13
676 1 pick 39 11
676 2 pick 32 27
676 3 move 23 14
676 4 move 23 20
677 0 move 12 14
677 1 move 40 12
677 2 move 34 27
677 3 pick 24 14
677 4 move 23 21
678 0 move 12 15
678 1 move 40 13
678 2 move 35 27
678 3 move 22 14
678 4 move 23 22
679 0 move 12 16
679 1 move 40 14
679 2 move 36 27
679 3 move 21 14
679 4 pick 24 22
680 0 move 11 16
680 1 pick 39 14
680 2 move 37 27
680 3 move 20 14
680 4 move 23 23
681 0 move 10 16
681 1 move 40 15
681 2 pick 38 27
681 3 move 19 14
681 4 move 23 24
682 0 move 9 16
682 1 move 40 16
682 2 move 37 26
682 3 move 19 15
682 4 move 23 25
683 0 move 9 15
683 1 move 39 16
683 2 move 37 25
683 3 pick 18 15
683 4 move 23 26
684 0 move 9 14
684 1 move 38 16
684 2 move 37 24
684 3 pick 18 15
684 4 move 23 27
685 0 move 9 13
685 1 move 37 16
685 2 move 37 23
685 3 move 19 14
685 4 move 23 28
686 0 move 9 12
686 1 move 37 15
686 2 move 37 22
686 3 move 19 13
686 4 move 23 29
687 0 move 9 11
687 1 move 37 14
687 2 move 37 21
687 3 move 19 12
687 4 move 23 30
688 0 pick 10 11
688 1 move 37 13
688 2 move 38 21
688 3 pick 18 12
688 4 move 23 31
689 0 move 9 10
689 1 move 37 12
689 2 move 39 21
689 3 move 19 11
689 4 move 23 32
690 0 move 9 9
690 1 move 37 11
690 2 move 40 21
690 3 pick 18 11
690 4 move 23 33
691 0 move 9 8
691 1 move 37 10
691 2 move 40 22
691 3 move 19 12
691 4 move 23 34
692 0 move 9 7
692 1 move 37 9
692 2 move 40 23
692 3 move 19 13
692 4 move 23 35
693 0 move 9 6
693 1 pick 38 9
693 2 move 40 24
693 3 move 19 14
693 4 move 23 36
694 0 pick 10 6
694 1 pick 38 9
694 2 move 40 25
694 3 move 19 15
694 4 move 23 37
695 0 pick 10 6
695 1 move 37 8
695 2 move 40 26
695 3 move 19 16
695 4 move 23 38
696 0 pick 10 6
696 1 move 37 7
696 2 pick 39 26
696 3 move 18 16
696 4 move 23 39
697 0 move 9 5
697 1 move 37 6
697 2 move 40 27
697 3 move 17 16
697 4 fulfill 23 39
698 0 move 9 4
698 1 move 37 5
698 2 move 40 28
698 3 move 16 16
698 4 move 23 38
699 0 move 9 3
699 1 move 37 4
699 2 move 40 29
699 3 move 16 15
699 4 move 23 37
700 0 move 9 2
700 1 move 37 3
700 2 pick 39 29
700 3 move 16 14
700 4 move 23 36
701 0 move 9 1
701 1 move 37 2
701 2 pick 39 29
701 3 move 16 13
701 4 move 23 35
702 0 move 9 0
702 1 move 37 1
702 2 pick 39 29
702 3 move 16 12
702 4 move 23 34
703 0 fulfill 9 0
703 1 move 37 0
703 2 pick 39 29
703 3 move 16 11
703 4 move 23 33
704 0 move 9 1
704 1 fulfill 37 0
704 2 move 40 28
704 3 pick 17 11
704 4 move 23 32
705 0 move 9 2
705 1 move 37 1
705 2 move 40 27
705 3 pick 17 11
705 4 move 24 32
706 0 move 9 3
706 1 move 37 2
706 2 move 40 26
706 3 move 15 11
706 4 move 25 32
707 0 move 9 4
707 1 move 37 3
707 2 move 41 26
707 3 move 14 11
707 4 pick 25 31
708 0 move 9 5
708 1 move 37 4
708 2 move 42 26
708 3 move 13 11
708 4 pick 25 31
709 0 move 9 6
709 1 move 38 4
709 2 move 43 26
709 3 move 12 11
709 4 move 26 32
710 0 pick 10 6
710 1 pick 39 4
710 2 move 44 26
710 3 move 12 10
710 4 move 26 31
711 0 pick 10 6
711 1 move 37 4
711 2 pick 45 26
711 3 move 12 9
711 4 move 26 30
712 0 pick 10 6
712 1 move 37 3
712 2 move 44 27
712 3 move 12 8
712 4 move 26 29
713 0 move 9 5
713 1 move 37 2
713 2 move 44 28
713 3 pick 11 8
713 4 move 26 28
714 0 move 10 5
714 1 move 37 1
714 2 move 44 29
714 3 move 12 9
714 4 pick 25 28
715 0 move 11 5
715 1 move 37 0
715 2 move 44 30
715 3 move 12 10
715 4 move 26 27
716 0 move 12 5
716 1 move 38 0
716 2 move 44 31
716 3 move 12 11
716 4 pick 25 27
717 0 move 12 6
717 1 move 39 0
717 2 move 44 32
717 3 move 12 12
717 4 move 26 26
718 0 pick 11 6
718 1 move 39 1
718 2 move 44 33
718 3 move 12 13
718 4 pick 25 26
719 0 move 12 5
719 1 move 40 1
719 2 move 44 34
719 3 move 12 14
719 4 move 26 25
720 0 move 11 5
720 1 move 40 2
720 2 move 44 35
720 3 move 12 15
720 4 move 26 24
721 0 move 10 5
721 1 move 40 3
721 2 move 44 36
721 3 move 12 16
721 4 pick 25 24
722 0 move 9 5
722 1 move 40 4
722 2 move 44 37
722 3 move 12 17
722 4 move 27 24
723 0 move 9 6
723 1 move 40 5
723 2 move 44 38
723 3 move 12 18
723 4 move 28 24
724 0 move 9 7
724 1 move 40 6
724 2 move 44 39
724 3 move 12 19
724 4 move 29 24
725 0 move 9 8
725 1 pick 39 6
725 2 fulfill 44 39
725 3 move 12 20
725 4 move 30 24
726 0 move 9 9
726 1 move 40 7
726 2 move 44 38
726 3 move 12 21
726 4 pick 31 24
727 0 pick 10 9
727 1 pick 39 7
727 2 move 44 37
727 3 move 12 22
727 4 pick 31 24
728 0 pick 10 9
728 1 move 40 8
728 2 move 44 36
728 3 move 12 23
728 4 pick 31 24
729 0 move 9 10
729 1 move 40 9
729 2 move 44 35
729 3 move 12 24
729 4 move 30 23
730 0 pick 10 10
730 1 pick 39 9
730 2 move 44 34
730 3 move 12 25
730 4 move 30 22
731 0 move 9 11
731 1 move 40 10
731 2 move 44 33
731 3 move 12 26
731 4 move 30 21
732 0 move 9 12
732 1 move 40 11
732 2 move 44 32
732 3 pick 11 26
732 4 move 31 21
733 0 move 9 13
733 1 pick 39 11
733 2 move 44 31
733 3 move 12 25
733 4 move 32 21
734 0 move 9 14
734 1 pick 39 11
734 2 pick 45 31
734 3 move 12 24
734 4 move 33 21
735 0 move 9 15
735 1 move 40 12
735 2 move 44 32
735 3 move 12 23
735 4 move 34 21
736 0 move 9 16
736 1 move 40 13
736 2 move 45 32
736 3 move 12 22
736 4 move 35 21
737 0 move 9 17
737 1 move 40 14
737 2 move 46 32
737 3 move 12 21
737 4 move 36 21
738 0 move 9 18
738 1 move 40 15
738 2 move 47 32
738 3 move 11 21
738 4 move 37 21
739 0 move 9 19
739 1 move 40 16
739 2 move 47 31
739 3 move 10 21
739 4 move 38 21
740 0 move 9 20
740 1 move 39 16
740 2 move 47 30
740 3 move 9 21
740 4 move 39 21
741 0 move 9 21
741 1 move 38 16
741 2 pick 46 30
741 3 move 8 21
741 4 move 40 21
742 0 move 9 22
742 1 move 37 16
742 2 move 47 29
742 3 move 7 21
742 4 move 40 22
743 0 move 9 23
743 1 move 37 15
743 2 move 47 28
743 3 move 6 21
743 4 move 40 23
744 0 move 9 24
744 1 move 37 14
744 2 move 47 27
744 3 move 5 21
744 4 move 40 24
745 0 pick 10 24
745 1 move 37 13
745 2 move 47 26
745 3 move 4 21
745 4 move 40 25
746 0 move 8 24
746 1 move 37 12
746 2 pick 46 26
746 3 move 3 21
746 4 move 40 26
747 0 move 7 24
747 1 move 37 11
747 2 move 47 27
747 3 move 2 21
747 4 pick 39 26
748 0 move 6 24
748 1 move 37 10
748 2 move 47 28
748 3 move 1 21
748 4 move 40 27
749 0 move 5 24
749 1 move 37 9
749 2 move 47 29
749 3 move 0 21
749 4 move 40 28
750 0 move 4 24
750 1 pick 38 9
750 2 move 47 30
750 3 move 0 22
750 4 move 40 29
751 0 move 3 24
751 1 move 37 8
751 2 move 47 31
751 3 move 0 23
751 4 move 40 30
752 0 move 2 24
752 1 move 37 7
752 2 move 47 32
752 3 move 0 24
752 4 move 40 31
753 0 move 1 24
753 1 move 37 6
753 2 move 46 32
753 3 move 0 25
753 4 move 40 32
754 0 move 0 24
754 1 move 37 5
754 2 move 45 32
754 3 move 0 26
754 4 pick 39 32
755 0 fulfill 0 24
755 1 move 37 4
755 2 move 44 32
755 3 fulfill 0 26
755 4 move 40 33
756 0 move 1 24
756 1 move 37 3
756 2 move 43 32
756 3 move 0 27
756 4 move 40 34
757 0 move 2 24
757 1 move 37 2
757 2 move 42 32
757 3 move 0 28
757 4 move 40 35
758 0 move 3 24
758 1 move 37 1
758 2 move 41 32
758 3 move 0 29
758 4 move 40 36
759 0 move 4 24
759 1 move 37 0
759 2 move 40 32
759 3 move 1 29
759 4 move 40 37
760 0 move 5 24
760 1 fulfill 37 0
760 2 move 40 31
760 3 move 2 29
760 4 move 40 38
761 0 move 6 24
761 1 move 37 1
761 2 move 40 30
761 3 move 3 29
761 4 move 40 39
762 0 move 7 24
762 1 move 37 2
762 2 move 40 29
762 3 move 4 29
762 4 fulfill 40 39
763 0 move 8 24
763 1 move 37 3
763 2 move 40 28
763 3 move 5 29
763 4 move 39 39
764 0 move 9 24
764 1 move 37 4
764 2 pick 39 28
764 3 move 6 29
764 4 move 39 38
765 0 pick 10 24
765 1 move 37 5
765 2 pick 39 28
765 3 move 7 29
765 4 move 39 37
766 0 move 9 25
766 1 move 37 6
766 2 pick 39 28
766 3 move 8 29
766 4 move 39 36
767 0 pick 10 25
767 1 pick 38 6
767 2 move 40 29
767 3 move 9 29
767 4 move 39 35
768 0 move 9 24
768 1 move 37 7
768 2 move 40 30
768 3 pick 10 29
768 4 pick 38 35
769 0 move 9 23
769 1 pick 38 7
769 2 move 40 31
769 3 move 9 30
769 4 move 39 34
770 0 pick 10 23
770 1 move 37 8
770 2 move 40 32
770 3 move 9 31
770 4 move 39 33
771 0 move 9 22
771 1 move 37 9
771 2 move 40 33
771 3 pick 10 31
772 0 move 9 21
772 1 move 37 10
772 2 move 39 33
772 3 pick 10 31
772 4 move 40 33
773 0 move 10 21
773 1 pick 38 10
773 2 move 38 33
773 3 move 9 32
773 4 move 40 32
774 0 move 11 21
774 1 pick 38 10
774 2 move 37 33
774 3 move 10 32
774 4 move 40 31
775 0 move 12 21
775 1 move 37 11
775 2 move 37 32
775 3 move 11 32
775 4 pick 39 31
776 0 move 13 21
776 1 move 37 12
776 2 move 37 31
776 3 move 12 32
776 4 move 40 30
777 0 move 14 21
777 1 move 37 13
777 2 pick 38 31
777 3 move 12 31
777 4 move 40 29
778 0 move 15 21
778 1 move 37 14
778 2 move 37 32
778 3 pick 11 31
778 4 pick 39 29
779 0 move 16 21
779 1 move 37 15
779 2 move 37 33
779 3 move 12 30
779 4 pick 39 29
780 0 move 17 21
780 1 move 37 16
780 2 move 37 34
780 3 move 12 29
780 4 move 40 28
781 0 move 18 21
781 1 move 38 16
781 2 move 37 35
781 3 move 12 28
781 4 pick 39 28
782 0 move 19 21
782 1 move 39 16
782 2 move 37 36
782 3 move 13 28
782 4 pick 39 28
783 0 move 19 22
783 1 move 40 16
783 2 move 37 37
783 3 move 14 28
783 4 move 40 27
784 0 move 19 23
784 1 move 40 15
784 2 move 37 38
784 3 move 15 28
784 4 move 40 26
785 0 move 19 24
785 1 move 40 14
785 2 move 37 39
785 3 move 16 28
785 4 move 40 25
786 0 move 19 25
786 1 move 40 13
786 2 fulfill 37 39
786 3 pick 17 28
786 4 move 40 24
787 0 move 19 26
787 1 move 40 12
787 2 move 37 38
787 3 pick 17 28
787 4 move 40 23
788 0 move 19 27
788 1 move 40 11
788 2 move 37 37
788 3 move 16 29
788 4 move 40 22
789 0 pick 18 27
789 1 pick 39 11
789 2 move 37 36
789 3 move 16 30
789 4 move 40 21
790 0 move 19 26
790 1 pick 39 11
790 2 move 37 35
790 3 move 16 31
790 4 move 39 21
791 0 move 19 25
791 1 pick 39 11
791 2 move 37 34
791 3 move 16 32
791 4 move 38 21
792 0 move 19 24
792 1 pick 39 11
792 2 move 37 33
792 3 move 17 32
792 4 move 37 21
793 0 move 19 23
793 1 move 40 12
793 2 move 37 32
793 3 move 18 32
793 4 move 37 22
794 0 move 19 22
794 1 pick 39 12
794 2 pick 38 32
794 3 move 19 32
794 4 move 37 23
795 0 move 19 21
795 1 move 40 11
795 2 pick 38 32
795 3 move 19 31
795 4 move 37 24
796 0 move 19 20
796 1 move 40 10
796 2 move 37 33
796 3 move 19 30
796 4 move 37 25
797 0 move 19 19
797 1 move 40 9
797 2 move 38 33
797 3 move 19 29
797 4 move 37 26
798 0 move 19 18
798 1 move 40 8
798 2 move 39 33
798 3 move 19 28
798 4 pick 38 26
799 0 move 19 17
799 1 pick 39 8
799 2 move 40 33
799 3 move 19 27
799 4 move 37 25
800 0 move 19 16
800 1 move 40 9
800 2 move 40 32
800 3 pick 18 27
800 4 pick 38 25
801 0 move 19 15
801 1 move 40 10
801 2 move 40 31
801 3 pick 18 27
801 4 pick 38 25
802 0 move 20 15
802 1 move 40 11
802 2 pick 39 31
802 3 pick 18 27
802 4 pick 38 25
803 0 move 21 15
803 1 move 40 12
803 2 move 40 30
803 3 move 20 27
803 4 move 37 24
804 0 move 22 15
804 1 move 40 13
804 2 move 40 29
804 3 move 21 27
804 4 move 37 23
805 0 move 23 15
805 1 move 40 14
805 2 pick 39 29
805 3 move 22 27
805 4 move 37 22
806 0 pick 24 15
806 1 move 40 15
806 2 move 40 28
806 3 move 23 27
806 4 move 37 21
807 0 move 23 14
807 1 move 40 16
807 2 pick 39 28
807 3 move 23 28
807 4 move 38 21
808 0 move 23 13
808 1 move 39 16
808 2 pick 39 28
808 3 move 23 29
808 4 move 39 21
809 0 move 23 12
809 1 move 38 16
809 2 pick 39 28
809 3 move 23 30
809 4 move 40 21
810 0 move 23 11
810 1 move 37 16
810 2 move 40 27
810 3 move 23 31
810 4 move 40 22
811 0 move 23 10
811 1 move 36 16
811 2 move 40 26
811 3 move 23 32
811 4 move 40 23
812 0 move 23 9
812 1 move 35 16
812 2 move 40 25
812 3 move 24 32
812 4 move 40 24
813 0 move 23 8
813 1 move 34 16
813 2 move 40 24
813 3 move 25 32
813 4 move 40 25
814 0 move 23 7
814 1 move 33 16
814 2 move 40 23
814 3 move 26 32
814 4 move 40 26
815 0 move 23 6
815 1 move 32 16
815 2 move 40 22
815 3 move 26 31
815 4 move 41 26
816 0 move 23 5
816 1 move 31 16
816 2 move 40 21
816 3 move 26 30
816 4 move 42 26
817 0 move 23 4
817 1 move 30 16
817 2 move 39 21
817 3 move 26 29
817 4 move 43 26
818 0 move 23 3
818 1 move 29 16
818 2 move 38 21
818 3 move 26 28
818 4 move 44 26
819 0 move 23 2
819 1 move 28 16
819 2 move 37 21
819 3 move 26 27
819 4 pick 45 26
820 0 move 23 1
820 1 move 27 16
820 2 move 37 22
820 3 pick 25 27
820 4 move 44 27
821 0 move 23 0
821 1 move 26 16
821 2 move 37 23
821 3 move 26 26
821 4 move 44 28
822 0 fulfill 23 0
822 1 move 26 15
822 2 move 37 24
822 3 move 26 25
822 4 move 44 29
823 0 move 23 1
823 1 move 26 14
823 2 move 37 25
823 3 move 26 24
823 4 move 44 30
824 0 move 23 2
824 1 move 26 13
824 2 pick 38 25
824 3 move 26 23
824 4 move 44 31
825 0 move 23 3
825 1 move 26 12
825 2 move 36 25
825 3 move 26 22
825 4 move 44 32
826 0 move 23 4
826 1 move 26 11
826 2 move 35 25
826 3 move 26 21
826 4 move 44 33
827 0 move 23 5
827 1 pick 25 11
827 2 move 34 25
827 3 move 26 20
827 4 move 44 34
828 0 move 23 6
828 1 move 26 10
828 2 move 33 25
828 3 move 26 19
828 4 move 44 35
829 0 pick 24 6
829 1 move 26 9
829 2 move 33 24
829 3 move 26 18
829 4 move 44 36
830 0 move 23 5
830 1 move 26 8
830 2 move 33 23
830 3 move 26 17
830 4 move 44 37
831 0 move 24 5
831 1 move 26 7
831 2 move 33 22
831 3 move 26 16
831 4 move 44 38
832 0 move 25 5
832 1 move 26 6
832 2 move 33 21
832 3 move 26 15
832 4 move 44 39
833 1 move 26 5
833 2 move 32 21
833 3 pick 25 15
833 4 fulfill 44 39
834 0 move 26 5
834 1 move 26 4
834 2 move 31 21
834 3 move 26 16
834 4 move 44 38
835 0 move 26 6
835 1 move 26 3
835 2 move 30 21
835 3 move 25 16
835 4 move 44 37
836 0 move 26 7
836 1 move 26 2
836 2 move 29 21
836 3 move 24 16
836 4 move 44 36
837 0 move 26 8
837 1 move 26 1
837 2 move 28 21
837 3 move 23 16
837 4 move 44 35
838 0 pick 25 8
838 1 move 26 0
838 2 move 27 21
838 3 move 22 16
838 4 move 44 34
839 0 pick 25 8
839 1 fulfill 26 0
839 2 move 26 21
839 3 move 21 16
839 4 move 44 33
840 0 pick 25 8
840 1 move 26 1
840 2 move 26 22
840 3 move 20 16
840 4 move 44 32
841 0 pick 25 8
841 1 move 26 2
841 2 move 26 23
841 3 move 19 16
841 4 move 45 32
842 0 pick 25 8
842 1 move 26 3
842 2 pick 25 23
842 3 move 19 15
842 4 move 46 32
843 0 move 26 9
843 1 move 26 4
843 2 move 26 24
843 3 move 19 14
843 4 move 47 32
844 0 move 26 10
844 1 move 26 5
844 2 move 26 25
844 3 move 19 13
844 4 move 47 31
845 0 move 26 11
845 1 move 26 6
845 2 move 26 26
845 3 move 19 12
845 4 move 47 30
846 0 move 26 12
846 1 move 26 7
846 2 move 26 27
846 3 pick 18 12
846 4 pick 46 30
847 0 move 26 13
847 1 move 26 8
847 2 move 26 28
847 3 move 19 11
847 4 move 47 29
848 0 pick 25 13
848 1 pick 25 8
848 2 move 26 29
848 3 move 19 10
848 4 move 47 28
849 0 move 26 14
849 1 pick 25 8
849 2 move 26 30
849 3 move 19 9
849 4 move 47 27
850 0 move 26 15
850 1 pick 25 8
850 2 move 26 31
850 3 move 19 8
850 4 pick 46 27
851 0 pick 25 15
851 1 move 26 9
851 2 move 26 32
851 3 move 19 7
851 4 move 47 26
852 0 move 27 15
852 1 move 26 10
852 2 move 26 33
852 3 move 19 6
852 4 pick 46 26
853 0 move 28 15
853 1 pick 25 10
853 2 move 26 34
853 3 move 19 5
853 4 move 47 27
854 0 move 29 15
854 1 move 26 11
854 2 move 26 35
854 3 move 19 4
854 4 move 47 28
855 0 move 30 15
855 1 move 26 12
855 2 move 26 36
855 3 move 19 3
855 4 move 47 29
856 0 pick 31 15
856 1 pick 25 12
856 2 move 26 37
856 3 move 19 2
856 4 move 47 30
857 0 pick 31 15
857 1 move 26 13
857 2 move 26 38
857 3 move 19 1
857 4 move 47 31
858 0 move 30 14
858 1 move 26 14
858 2 move 26 39
858 3 move 19 0
858 4 move 47 32
859 0 pick 31 14
859 1 move 26 15
859 2 fulfill 26 39
859 3 fulfill 19 0
859 4 move 46 32
860 0 pick 31 14
860 1 pick 25 15
860 2 move 26 38
860 3 move 19 1
860 4 move 45 32
861 0 move 30 15
861 1 move 27 15
861 2 move 26 37
861 3 move 19 2
861 4 move 44 32
862 0 move 30 16
862 1 move 28 15
862 2 move 26 36
862 3 move 19 3
862 4 move 43 32
863 0 move 31 16
863 1 move 29 15
863 2 move 26 35
863 3 move 19 4
863 4 move 42 32
864 0 move 32 16
864 1 move 30 15
864 2 move 26 34
864 3 move 19 5
864 4 move 41 32
865 0 move 33 16
865 1 pick 31 15
865 2 move 26 33
865 3 move 19 6
865 4 move 40 32
866 0 move 33 15
866 1 pick 31 15
866 2 move 26 32
866 3 move 19 7
866 4 move 40 31
867 0 move 33 14
867 1 move 30 16
867 2 move 26 31
867 3 move 19 8
867 4 move 40 30
868 0 move 33 13
868 1 move 31 16
868 2 pick 25 31
868 3 move 19 9
868 4 move 40 29
869 0 move 33 12
869 1 move 32 16
869 2 move 26 30
869 3 move 19 10
869 4 move 40 28
870 0 move 33 11
870 1 move 33 16
870 2 move 26 29
870 3 pick 18 10
870 4 pick 39 28
871 0 move 33 10
871 1 move 33 15
871 2 move 26 28
871 3 move 19 11
871 4 pick 39 28
872 0 move 33 9
872 1 move 33 14
872 2 pick 25 28
872 3 move 19 12
872 4 pick 39 28
873 0 move 34 9
873 1 pick 32 14
873 2 pick 25 28
873 3 pick 18 12
873 4 move 40 29
874 0 move 35 9
874 1 move 33 13
874 2 move 26 27
874 3 move 19 13
874 4 pick 39 29
875 0 move 36 9
875 1 move 33 12
875 2 pick 25 27
875 3 move 19 14
875 4 pick 39 29
876 0 move 37 9
876 1 move 33 11
876 2 move 26 26
876 3 move 19 15
876 4 pick 39 29
877 0 pick 38 9
877 1 move 33 10
877 2 pick 25 26
877 3 pick 18 15
877 4 pick 39 29
878 0 pick 38 9
878 1 move 33 9
878 2 move 26 25
878 3 move 19 14
878 4 move 40 30
879 0 pick 38 9
879 1 move 33 8
879 2 move 26 24
879 3 move 19 13
879 4 move 40 31
880 0 move 37 8
880 1 move 33 7
880 2 move 27 24
880 3 move 19 12
880 4 move 40 32
881 0 move 37 7
881 1 move 33 6
881 2 move 28 24
881 3 move 20 12
881 4 move 40 33
882 0 move 37 6
882 1 move 33 5
882 2 move 29 24
882 3 move 21 12
882 4 move 39 33
883 0 move 37 5
883 1 move 33 4
883 2 move 30 24
883 3 move 22 12
883 4 move 38 33
884 0 move 37 4
884 1 move 33 3
884 2 pick 31 24
884 3 move 23 12
884 4 move 37 33
885 0 move 37 3
885 1 move 33 2
885 2 pick 31 24
885 3 pick 24 12
885 4 move 37 32
886 0 move 37 2
886 1 move 33 1
886 2 pick 31 24
886 3 pick 24 12
886 4 move 37 31
887 0 move 37 1
887 1 move 33 0
887 2 move 30 23
887 3 pick 24 12
887 4 pick 38 31
888 0 move 37 0
888 1 fulfill 33 0
888 2 move 30 22
888 3 move 22 12
888 4 move 37 30
889 0 fulfill 37 0
889 1 move 33 1
889 2 move 30 21
889 3 move 21 12
889 4 move 37 29
890 0 move 37 1
890 1 move 33 2
890 2 move 31 21
890 3 move 20 12
890 4 move 37 28
891 0 move 37 2
891 1 move 33 3
891 2 move 32 21
891 3 move 19 12
891 4 move 37 27
892 0 move 37 3
892 1 move 34 3
892 2 move 33 21
892 3 move 19 13
892 4 move 37 26
893 0 move 37 4
893 1 move 35 3
893 2 move 33 22
893 3 move 19 14
893 4 move 37 25
894 0 move 38 4
894 1 move 36 3
894 2 move 33 23
894 3 move 19 15
894 4 pick 38 25
895 0 pick 39 4
895 1 move 37 3
895 2 move 34 23
895 3 move 19 16
895 4 pick 38 25
896 0 move 38 5
896 1 pick 38 3
896 2 move 35 23
896 3 move 18 16
896 4 move 37 26
897 0 pick 39 5
897 1 move 37 4
897 2 move 36 23
897 3 move 17 16
897 4 move 37 27
898 0 pick 39 5
898 1 move 37 5
898 2 move 37 23
898 3 move 16 16
898 4 move 37 28
899 0 move 37 5
899 1 move 37 6
899 2 pick 38 23
899 3 move 16 15
899 4 move 37 29
900 0 move 37 6
900 1 move 37 7
900 2 move 37 24
900 3 move 16 14
900 4 move 37 30
901 1 pick 38 7
901 2 move 37 25
901 3 move 16 13
901 4 move 37 31
902 0 move 37 7
902 1 move 37 8
902 2 move 37 26
902 3 move 16 12
902 4 move 37 32
903 0 pick 38 7
903 1 move 37 9
903 2 move 37 27
903 3 move 16 11
903 4 move 37 33
904 0 move 37 8
904 1 pick 38 9
904 2 move 37 28
904 3 pick 17 11
904 4 move 37 34
905 0 move 37 9
905 1 move 37 10
905 2 move 37 29
905 3 pick 17 11
905 4 move 37 35
906 0 move 37 10
906 1 move 37 11
906 2 move 37 30
906 3 move 16 12
906 4 move 37 36
907 0 move 37 11
907 1 move 37 12
907 2 move 37 31
907 3 move 16 13
907 4 move 37 37
908 0 move 37 12
908 1 move 37 13
908 2 move 37 32
908 3 move 16 14
908 4 move 37 38
909 0 move 37 13
909 1 move 37 14
909 2 move 37 33
909 3 move 16 15
909 4 move 37 39
910 0 move 37 14
910 1 move 37 15
910 2 move 38 33
910 3 move 16 16
910 4 fulfill 37 39
911 0 move 37 15
911 1 move 37 16
911 2 move 39 33
911 3 move 16 17
911 4 move 37 38
912 0 move 37 16
912 1 move 38 16
912 2 move 40 33
912 3 move 16 18
912 4 move 37 37
913 0 move 38 16
913 1 move 39 16
913 2 move 40 32
913 3 move 16 19
913 4 move 37 36
914 0 move 39 16
914 1 move 40 16
914 2 pick 39 32
914 3 move 16 20
914 4 move 37 35
915 0 move 40 16
915 1 move 40 15
915 2 move 40 33
915 3 move 16 21
915 4 move 37 34
916 0 move 40 15
916 1 move 40 14
916 2 move 40 34
916 3 move 16 22
916 4 move 37 33
917 0 move 40 14
917 1 move 40 13
917 2 move 40 35
917 3 move 16 23
917 4 move 37 32
918 0 move 40 13
918 1 move 40 12
918 2 move 40 36
918 3 move 16 24
918 4 pick 38 32
919 0 move 40 12
919 1 move 40 11
919 2 move 40 37
919 3 move 16 25
919 4 move 37 31
920 0 move 40 11
920 1 move 40 10
920 2 move 40 38
920 3 move 16 26
920 4 move 37 30
921 0 pick 39 11
921 1 move 40 9
921 2 move 40 39
921 3 move 16 27
921 4 move 37 29
922 0 pick 39 11
922 1 pick 39 9
922 2 fulfill 40 39
922 3 move 16 28
922 4 move 37 28
923 0 pick 39 11
923 1 move 40 8
923 3 move 16 29
923 4 pick 38 28
924 0 pick 39 11
924 1 pick 39 8
924 3 pick 17 29
924 4 pick 38 28
925 0 pick 39 11
925 1 move 40 9
925 3 pick 17 29
925 4 move 37 29
926 0 pick 39 11
926 1 move 40 10
926 3 move 16 30
926 4 move 37 30
927 0 move 40 12
927 1 move 40 11
927 3 move 16 31
927 4 move 37 31
928 0 move 40 13
928 1 pick 39 11
928 3 move 16 32
928 4 move 37 32
929 0 move 40 14
929 1 pick 39 11
929 3 move 16 33
929 4 move 37 33
930 0 move 40 15
930 1 pick 39 11
930 3 move 16 34
930 4 move 38 33
931 0 move 40 16
931 1 pick 39 11
931 3 move 16 35
931 4 move 39 33
932 0 move 39 16
932 1 pick 39 11
932 3 move 16 36
932 4 move 40 33
933 0 move 38 16
933 1 move 40 10
933 3 move 16 37
933 4 move 40 32
934 0 move 37 16
934 1 move 40 9
934 3 move 16 38
934 4 move 40 31
935 0 move 36 16
935 1 move 40 8
935 3 move 16 39
935 4 move 40 30
936 0 move 35 16
936 1 move 40 7
936 3 fulfill 16 39
936 4 move 40 29
937 0 move 34 16
937 1 move 40 6
937 3 move 16 38
937 4 move 40 28
938 0 move 33 16
938 1 move 40 5
938 3 move 16 37
938 4 pick 39 28
939 0 move 32 16
939 1 move 40 4
939 3 move 16 36
939 4 pick 39 28
940 0 move 31 16
940 1 move 40 3
940 3 move 16 35
940 4 pick 39 28
941 0 move 30 16
941 1 move 40 2
941 3 move 16 34
941 4 pick 39 28
942 0 move 29 16
942 1 move 40 1
942 3 move 17 34
942 4 pick 39 28
943 0 move 28 16
943 1 move 40 0
943 3 pick 18 34
943 4 move 40 29
944 0 move 27 16
944 1 fulfill 40 0
944 3 move 16 34
944 4 pick 39 29
945 0 move 26 16
945 1 move 39 0
945 3 move 16 33
945 4 pick 39 29
946 0 move 26 15
946 1 move 39 1
946 3 move 16 32
946 4 move 40 28
947 0 move 26 14
947 1 pick 38 1
947 3 move 17 32
947 4 move 40 27
948 0 move 26 13
948 1 move 40 1
948 3 move 18 32
948 4 move 40 26
949 0 move 26 12
949 1 move 40 2
949 3 pick 18 31
949 4 pick 39 26
950 0 move 26 11
950 1 move 40 3
950 3 move 17 32
950 4 pick 39 26
951 0 pick 25 11
951 1 move 40 4
951 3 move 16 32
951 4 move 40 25
952 0 move 26 10
952 1 move 40 5
952 3 move 16 31
952 4 move 40 24
953 0 move 26 9
953 1 move 40 6
953 3 move 16 30
953 4 move 40 23
954 0 move 26 8
954 1 move 40 7
954 3 move 16 29
954 4 move 40 22
955 0 move 26 7
955 1 move 40 8
955 3 pick 17 29
955 4 move 40 21
956 0 move 26 6
956 1 pick 39 8
956 3 move 16 28
956 4 move 39 21
957 0 move 26 5
957 1 pick 39 8
957 3 pick 17 28
957 4 move 38 21
958 0 move 26 4
958 1 move 40 9
958 3 pick 17 28
958 4 move 37 21
959 0 move 26 3
959 1 pick 39 9
959 3 move 16 29
959 4 move 36 21
960 0 move 26 2
960 1 move 40 10
960 3 move 16 30
960 4 move 35 21
961 0 move 26 1
961 1 pick 39 10
961 3 move 16 31
961 4 move 34 21
962 0 move 26 0
962 1 move 40 11
962 3 move 16 32
962 4 move 33 21
963 0 fulfill 26 0
963 1 pick 39 11
963 3 move 17 32
963 4 move 32 21
964 1 pick 39 11
964 3 move 18 32
964 4 move 31 21
965 1 pick 39 11
965 3 move 19 32
965 4 move 30 21
966 1 pick 39 11
966 3 move 19 31
966 4 move 30 22
967 1 move 40 12
967 3 move 19 30
967 4 move 30 23
968 1 move 40 13
968 3 move 19 29
968 4 pick 31 23
969 1 move 40 14
969 3 move 19 28
969 4 move 30 24
970 1 move 40 15
970 3 pick 18 28
970 4 move 30 25
971 1 move 40 16
971 3 move 19 27
971 4 move 30 26
972 1 move 39 16
972 3 pick 18 27
972 4 move 30 27
973 1 move 38 16
973 3 pick 18 27
973 4 move 30 28
974 1 move 37 16
974 3 pick 18 27
974 4 move 30 29
975 1 move 37 15
975 3 pick 18 27
975 4 move 30 30
976 1 move 37 14
976 3 pick 18 27
976 4 move 30 31
977 1 move 37 13
977 3 move 19 26
977 4 move 30 32
978 1 move 37 12
978 3 move 19 25
978 4 move 30 33
979 1 move 37 11
979 3 pick 18 25
979 4 move 30 34
980 1 pick 38 11
980 3 move 19 26
980 4 move 30 35
981 1 move 37 12
981 3 move 19 27
981 4 move 30 36
982 1 pick 38 12
982 3 move 19 28
982 4 move 30 37
983 1 pick 38 12
983 3 move 19 29
983 4 move 30 38
984 1 move 37 13
984 3 move 19 30
984 4 move 30 39
985 1 pick 38 13
985 3 move 19 31
985 4 fulfill 30 39
986 1 move 36 13
986 3 move 19 32
987 1 move 35 13
987 3 move 19 33
988 1 move 34 13
988 3 move 19 34
989 1 move 33 13
989 3 move 19 35
990 1 move 33 14
990 3 move 19 36
991 1 pick 32 14
991 3 move 19 37
992 1 move 33 13
992 3 move 19 38
993 1 move 33 12
993 3 move 19 39
994 1 move 33 11
994 3 fulfill 19 39
995 1 move 33 10
996 1 move 33 9
997 1 move 33 8
998 1 move 33 7
999 1 move 33 6
1000 1 move 33 5
1001 1 move 33 4
1002 1 move 33 3
1003 1 move 33 2
1004 1 move 33 1
1005 1 move 33 0
1006 1 fulfill 33 0
