1 0 move 58 12
1 1 move 51 5
1 2 move 22 17
1 3 move 41 8
1 4 move 41 15
2 0 move 57 12
2 1 move 50 5
2 2 move 22 18
2 3 move 41 7
2 4 move 41 16
3 0 move 56 12
3 1 move 49 5
3 2 move 22 19
3 3 move 42 7
3 4 move 41 17
4 0 move 55 12
4 1 move 48 5
4 2 move 22 20
4 3 move 43 7
4 4 move 41 18
5 0 move 54 12
5 1 move 47 5
5 2 move 22 21
5 3 move 44 7
5 4 move 41 19
6 0 move 53 12
6 1 move 47 6
6 2 move 22 22
6 3 dock 45 7
6 4 move 41 20
7 0 move 52 12
7 1 pick 46 6
7 2 move 22 23
7 3 move 43 7
7 4 move 41 21
8 0 move 51 12
8 1 pick 46 6
8 2 move 22 24
8 3 undock 44 7
8 4 move 41 22
9 0 move 50 12
9 1 move 47 7
9 2 move 22 25
9 3 move 43 6
9 4 move 41 23
10 0 move 49 12
10 1 move 47 8
10 2 move 22 26
10 3 move 44 6
10 4 move 41 24
11 0 move 48 12
11 1 move 47 9
11 2 move 22 27
11 3 dock 44 7
11 4 move 41 25
12 0 move 47 12
12 1 move 47 10
12 2 move 22 28
12 3 move 43 6
12 4 move 41 26
13 0 pick 46 12
13 1 pick 46 10
13 2 move 23 28
13 3 move 42 6
13 4 move 41 27
14 0 move 47 11
14 1 pick 46 10
14 2 dock 24 28
14 3 move 41 6
14 4 move 41 28
15 1 pick 46 10
15 2 move 22 28
15 3 move 40 6
15 4 move 41 29
16 1 pick 46 10
16 2 undock 23 28
16 3 move 40 5
16 4 move 42 29
17 0 move 47 10
17 1 move 47 9
17 2 move 22 29
17 3 move 40 4
17 4 move 43 29
18 0 pick 46 10
18 1 move 47 8
18 2 move 23 29
18 3 move 39 4
18 4 move 44 29
19 0 move 47 9
19 1 move 47 7
19 2 dock 23 28
19 3 undock 39 5
19 4 dock 45 29
20 0 move 47 8
20 1 move 47 6
20 2 move 22 29
20 3 move 40 4
20 4 move 43 29
21 0 move 47 7
21 1 move 47 5
21 2 move 21 29
21 3 move 40 5
21 4 undock 44 29
22 0 move 47 6
22 1 move 46 5
22 2 move 20 29
22 3 move 40 6
22 4 move 43 30
23 0 move 47 5
23 1 move 45 5
23 2 move 19 29
23 3 move 40 7
23 4 move 44 30
24 0 move 46 5
24 1 move 44 5
24 2 move 19 30
24 3 move 40 8
24 4 dock 44 29
25 0 move 45 5
25 1 move 44 6
25 2 move 19 31
25 3 move 40 9
25 4 move 43 30
26 0 move 44 5
26 1 move 44 7
26 2 move 19 32
26 3 move 40 10
26 4 move 42 30
27 0 move 44 6
27 1 move 44 8
27 2 move 19 33
27 3 move 40 11
27 4 move 41 30
28 0 move 44 7
28 1 move 44 9
28 2 move 18 33
28 3 move 40 12
28 4 move 40 30
29 0 move 44 8
29 1 pick 45 9
29 2 move 17 33
29 3 move 40 13
29 4 move 40 31
30 0 move 44 9
30 1 move 44 8
30 2 move 17 34
30 3 move 41 13
30 4 move 40 32
31 0 move 44 10
31 1 move 44 7
31 2 undock 17 33
31 3 move 42 13
31 4 move 40 33
32 0 pick 45 10
32 1 move 44 6
32 2 move 18 34
32 3 move 43 13
32 4 move 39 33
33 0 pick 45 10
33 1 move 44 5
33 2 move 18 33
33 3 move 44 13
33 4 undock 39 32
34 0 pick 45 10
34 1 move 44 4
34 2 move 18 32
34 3 dock 45 13
34 4 move 38 33
35 0 move 43 10
35 1 move 44 3
35 2 move 19 32
35 3 move 43 13
35 4 move 38 32
36 0 move 42 10
36 1 move 44 2
36 2 move 19 31
36 3 undock 44 13
36 4 move 37 32
37 0 move 41 10
37 1 move 44 1
37 2 move 19 30
37 3 move 43 12
37 4 move 37 31
38 0 move 40 10
38 1 move 44 0
38 2 move 19 29
38 3 move 44 12
38 4 move 37 30
39 0 move 40 9
39 1 fulfill 44 0
39 2 move 19 28
39 3 dock 44 13
39 4 move 37 29
40 0 pick 39 9
40 1 move 44 1
40 2 move 19 27
40 3 move 43 12
40 4 move 37 28
41 0 move 40 8
41 1 move 44 2
41 2 move 19 26
41 3 move 42 12
41 4 move 37 27
42 0 move 40 7
42 1 move 44 3
42 2 move 19 25
42 3 move 41 12
42 4 move 37 26
43 0 move 40 6
43 1 move 44 4
43 2 move 19 24
43 3 move 40 12
43 4 move 37 25
44 0 move 40 5
44 1 move 44 5
44 2 move 19 23
44 3 move 40 11
44 4 move 37 24
45 0 move 40 4
45 1 move 45 5
45 2 move 19 22
45 3 move 40 10
45 4 move 37 23
46 0 move 39 4
46 1 move 46 5
46 2 move 19 21
46 3 move 40 9
46 4 move 37 22
47 0 move 38 4
47 1 pick 46 6
47 2 move 19 20
47 3 move 40 8
47 4 move 37 21
48 0 move 37 4
48 1 pick 46 6
48 2 move 19 19
48 3 move 40 7
48 4 move 37 20
49 0 move 37 5
49 1 move 47 5
49 2 move 19 18
49 3 move 40 6
49 4 move 37 19
50 0 move 37 6
50 1 move 47 6
50 2 move 19 17
50 3 move 40 5
50 4 move 37 18
51 0 move 37 7
51 1 move 47 7
51 2 move 19 16
51 3 move 40 4
51 4 move 37 17
52 0 move 37 8
52 1 move 47 8
52 2 move 19 15
52 3 move 40 3
52 4 move 37 16
53 0 move 37 9
53 1 pick 46 8
53 2 move 20 15
53 3 move 39 3
53 4 move 38 16
54 0 move 37 10
54 1 move 47 9
54 2 move 21 15
54 3 undock 39 4
54 4 dock 38 15
55 0 pick 38 10
55 1 move 47 10
55 2 move 22 15
55 3 move 38 3
55 4 move 38 17
56 0 move 37 9
56 1 pick 46 10
56 2 move 23 15
56 3 move 37 3
56 4 undock 38 16
57 0 move 37 8
57 1 move 47 9
57 2 dock 24 15
57 3 move 36 3
57 4 dock 38 16
58 0 move 37 7
58 1 move 47 8
58 2 move 23 16
58 3 move 35 3
58 4 move 38 18
59 0 move 37 6
59 1 move 47 7
59 2 undock 24 16
59 3 move 34 3
59 4 move 38 19
60 0 move 37 5
60 1 move 47 6
60 2 move 23 17
60 3 move 33 3
60 4 move 38 20
61 0 move 37 4
61 1 move 47 5
61 2 move 24 17
61 3 move 32 3
61 4 move 38 21
62 0 move 37 3
62 1 move 46 5
62 2 dock 24 16
62 3 move 32 4
62 4 move 37 21
63 0 move 37 2
63 1 move 45 5
63 2 move 23 17
63 3 move 32 5
63 4 move 37 22
64 0 move 37 1
64 1 move 44 5
64 2 move 22 17
64 3 dock 32 6
64 4 move 37 23
65 0 move 37 0
65 1 move 44 6
65 2 move 21 17
65 3 move 33 5
65 4 move 37 24
66 0 fulfill 37 0
66 1 move 44 7
66 2 move 20 17
66 3 undock 33 6
66 4 move 37 25
67 0 move 37 1
67 1 move 44 8
67 2 move 19 17
67 3 dock 33 6
67 4 move 37 26
68 0 move 37 2
68 1 pick 45 8
68 2 move 19 18
68 3 move 33 4
68 4 move 37 27
69 0 move 37 3
69 1 pick 45 8
69 2 move 19 19
69 3 move 33 3
69 4 move 37 28
70 0 move 37 4
70 1 move 44 7
70 2 move 19 20
70 3 move 33 2
70 4 move 37 29
71 0 move 37 5
71 1 move 44 6
71 2 move 19 21
71 3 move 34 2
71 4 move 37 30
72 0 move 37 6
72 1 move 44 5
72 2 move 19 22
72 3 move 35 2
72 4 move 37 31
73 0 pick 38 6
73 1 move 44 4
73 2 move 19 23
73 3 move 36 2
73 4 move 37 32
74 0 move 37 5
74 1 move 44 3
74 2 move 19 24
74 3 move 37 2
74 4 move 37 33
75 0 move 37 4
75 1 move 44 2
75 2 move 19 25
75 3 move 38 2
75 4 move 37 34
76 0 move 37 3
76 1 move 44 1
76 2 move 19 26
76 3 undock 38 3
76 4 move 38 34
77 0 move 37 2
77 1 move 44 0
77 2 move 19 27
77 3 move 39 2
77 4 move 39 34
78 0 move 38 2
78 1 fulfill 44 0
78 2 move 19 28
78 3 move 39 3
78 4 undock 39 33
79 0 move 39 2
79 1 move 44 1
79 2 move 19 29
79 3 move 40 3
79 4 move 40 34
80 0 move 39 3
80 1 move 44 2
80 2 move 19 30
80 3 move 40 4
80 4 move 40 33
81 0 move 40 3
81 1 move 44 3
81 2 move 19 31
81 3 move 40 5
81 4 move 40 32
82 0 move 40 4
82 1 move 44 4
82 2 move 19 32
82 3 move 40 6
82 4 move 40 31
83 0 move 40 5
83 1 move 44 5
83 2 move 19 33
83 3 move 40 7
83 4 move 40 30
84 0 move 40 6
84 1 move 45 5
84 2 move 18 33
84 3 move 40 8
84 4 move 40 29
85 0 move 40 7
85 1 move 46 5
85 2 move 18 34
85 3 move 40 9
85 4 move 40 28
86 0 move 40 8
86 1 pick 46 6
86 2 move 18 35
86 3 move 40 10
86 4 move 40 27
87 0 pick 39 8
87 1 pick 46 6
87 2 move 17 35
87 3 move 40 11
87 4 move 40 26
88 0 pick 39 8
88 1 move 47 5
88 2 undock 17 34
88 3 move 41 11
88 4 move 41 26
89 0 move 40 9
89 1 move 47 6
89 2 move 18 35
89 3 move 42 11
89 4 move 42 26
90 0 move 40 10
90 1 move 47 7
90 2 move 18 34
90 3 move 43 11
90 4 move 43 26
91 0 move 40 11
91 1 move 47 8
91 2 move 18 33
91 3 move 44 11
91 4 move 44 26
92 0 pick 39 11
92 1 move 47 9
92 2 move 18 32
92 3 dock 45 11
92 4 dock 45 26
93 0 pick 39 11
93 1 move 47 10
93 2 move 19 32
93 3 move 43 11
93 4 move 43 26
94 0 pick 39 11
94 1 pick 46 10
94 2 move 19 31
94 3 undock 44 11
94 4 undock 44 26
95 0 pick 39 11
95 1 pick 46 10
95 2 move 19 30
95 3 move 43 10
95 4 move 43 27
96 0 move 40 12
96 1 pick 46 10
96 2 move 19 29
96 3 move 44 10
96 4 move 44 27
97 0 move 40 13
97 1 move 47 11
97 2 move 19 28
97 3 dock 44 11
97 4 dock 44 26
98 0 move 40 14
98 1 move 47 12
98 2 move 19 27
98 3 move 43 10
98 4 move 43 27
99 0 move 40 15
99 1 pick 46 12
99 2 move 19 26
99 3 move 42 10
99 4 move 42 27
100 0 move 40 16
100 1 move 47 13
100 2 move 20 26
100 3 move 41 10
100 4 move 41 27
101 0 move 39 16
101 1 pick 46 13
101 2 move 21 26
101 3 move 40 10
101 4 move 40 27
102 0 move 38 16
102 1 move 48 13
102 2 move 22 26
102 3 move 40 9
102 4 move 40 28
103 0 move 37 16
103 1 move 49 13
103 2 move 23 26
103 3 move 40 8
103 4 move 40 29
104 0 move 36 16
104 1 move 50 13
104 2 dock 24 26
104 3 move 40 7
104 4 move 40 30
105 0 move 35 16
105 1 move 51 13
105 2 move 22 26
105 3 move 40 6
105 4 move 40 31
106 0 move 34 16
106 1 move 52 13
106 2 undock 23 26
106 3 move 40 5
106 4 move 40 32
107 0 move 33 16
107 1 move 53 13
107 2 move 22 27
107 3 move 40 4
107 4 move 40 33
108 0 move 33 15
108 1 move 54 13
108 2 move 23 27
108 3 move 40 3
108 4 move 40 34
109 0 move 33 14
109 1 move 55 13
109 2 dock 23 26
109 3 move 40 2
109 4 move 40 35
110 0 move 33 13
110 1 move 56 13
110 2 move 22 27
110 3 move 39 2
110 4 move 39 35
111 0 pick 32 13
111 1 move 57 13
111 2 move 21 27
111 3 move 39 1
111 4 undock 39 34
112 0 move 33 12
112 1 move 58 13
112 2 move 20 27
112 3 undock 39 2
112 4 move 38 35
113 0 move 33 11
113 1 move 59 13
113 2 move 19 27
113 3 move 40 1
113 4 move 37 35
114 0 move 33 10
114 1 fulfill 59 13
114 2 move 19 28
114 3 move 40 2
114 4 move 36 35
115 0 move 33 9
115 1 move 58 13
115 2 move 19 29
115 3 move 40 3
115 4 move 35 35
116 0 move 33 8
116 1 move 57 13
116 2 move 19 30
116 3 move 40 4
116 4 move 34 35
117 0 move 33 7
117 1 move 56 13
117 2 move 19 31
117 3 move 40 5
117 4 move 33 35
118 0 move 33 6
118 1 move 55 13
118 2 move 19 32
118 3 move 40 6
118 4 move 32 35
119 0 move 33 5
119 1 move 54 13
119 2 move 19 33
119 3 move 41 6
119 4 move 32 34
120 0 move 33 4
120 1 move 53 13
120 2 move 18 33
120 3 move 42 6
120 4 move 32 33
121 0 move 33 3
121 1 move 52 13
121 2 move 18 34
121 3 move 43 6
121 4 move 32 32
122 0 move 33 2
122 1 move 51 13
122 2 move 18 35
122 3 move 44 6
122 4 dock 32 31
123 0 move 33 1
123 1 move 50 13
123 2 undock 18 34
123 3 dock 45 6
123 4 move 33 32
124 0 move 33 0
124 1 move 49 13
124 2 move 19 35
124 3 move 43 6
124 4 undock 33 31
125 0 fulfill 33 0
125 1 move 48 13
125 2 move 19 34
125 3 undock 44 6
125 4 dock 33 31
126 0 move 33 1
126 1 move 47 13
126 2 move 19 33
126 3 move 43 5
126 4 move 33 33
127 0 move 33 2
127 1 move 47 12
127 2 move 19 32
127 3 move 44 5
127 4 move 33 34
128 0 move 33 3
128 1 pick 46 12
128 2 move 19 31
128 3 dock 44 6
128 4 move 33 35
129 0 move 33 4
129 1 move 47 11
129 2 move 20 31
129 3 move 43 5
129 4 move 33 36
130 0 move 33 5
130 1 move 47 10
130 2 move 21 31
130 3 move 42 5
130 4 move 34 36
131 0 move 33 6
131 1 pick 46 10
131 2 move 22 31
131 3 move 41 5
131 4 move 35 36
132 0 move 33 7
132 1 pick 46 10
132 2 move 23 31
132 3 move 40 5
132 4 move 36 36
133 0 move 33 8
133 1 move 47 9
133 2 dock 24 31
133 3 move 40 4
133 4 move 37 36
134 0 move 33 9
134 1 move 47 8
134 2 move 22 31
134 3 move 40 3
134 4 move 38 36
135 0 pick 32 9
135 1 move 47 7
135 2 undock 23 31
135 3 move 40 2
135 4 undock 38 35
136 0 move 33 10
136 1 move 47 6
136 2 move 22 32
136 3 move 40 1
136 4 move 37 36
137 0 move 33 11
137 1 move 47 5
137 2 move 23 32
137 3 move 40 0
137 4 move 36 36
138 0 pick 32 11
138 1 move 46 5
138 2 dock 23 31
138 3 move 39 0
138 4 move 35 36
139 0 move 33 12
139 1 move 45 5
139 2 move 22 32
139 3 move 38 0
140 0 move 33 13
140 1 move 44 5
140 2 move 21 32
140 3 undock 38 1
141 0 move 33 14
141 1 move 44 6
141 2 move 20 32
142 0 pick 32 14
142 1 move 44 7
142 2 move 19 32
143 0 pick 32 14
143 1 move 44 8
143 2 move 19 33
144 0 move 33 15
144 1 move 44 9
144 2 move 19 34
145 0 move 33 16
145 1 move 44 10
145 2 move 19 35
146 0 move 32 16
146 1 pick 45 10
146 2 move 19 36
147 0 move 31 16
147 1 pick 45 10
147 2 move 18 36
148 0 move 31 17
148 1 move 43 10
148 2 move 17 36
149 0 move 31 18
149 1 move 42 10
149 2 undock 17 35
150 0 move 31 19
150 1 move 41 10
150 2 move 16 36
151 0 move 31 20
151 1 move 40 10
151 2 move 15 36
152 0 move 31 21
152 1 move 40 9
152 2 move 14 36
153 0 pick 31 22
153 1 move 40 8
154 0 pick 31 22
154 1 move 40 7
155 0 pick 31 22
155 1 move 40 6
156 0 pick 31 22
156 1 move 40 5
157 0 pick 31 22
157 1 move 40 4
158 0 pick 31 22
158 1 move 40 3
159 0 pick 31 22
159 1 move 40 2
160 0 move 30 21
160 1 pick 39 2
161 0 move 30 22
161 1 move 40 1
162 0 move 30 23
162 1 move 40 0
163 0 move 30 24
163 1 fulfill 40 0
164 0 move 30 25
164 1 move 40 1
165 0 move 30 26
165 1 move 40 2
166 0 move 30 27
166 1 move 40 3
167 0 move 30 28
167 1 move 40 4
168 0 move 30 29
168 1 pick 39 4
169 0 move 30 30
169 1 move 40 5
170 0 move 30 31
170 1 move 40 6
171 0 move 30 32
171 1 move 40 7
172 0 move 30 33
172 1 move 40 8
173 0 move 30 34
173 1 pick 39 8
174 0 move 30 35
174 1 move 40 9
175 0 move 30 36
175 1 move 40 10
176 0 move 30 37
176 1 move 40 11
177 0 move 30 38
177 1 pick 39 11
178 0 move 30 39
178 1 pick 39 11
179 0 move 31 39
179 1 pick 39 11
180 0 fulfill 31 39
180 1 move 40 12
181 0 move 31 38
181 1 move 40 13
182 0 move 31 37
182 1 move 40 14
183 0 move 31 36
183 1 move 40 15
184 0 move 31 35
184 1 move 40 16
185 0 move 31 34
185 1 move 39 16
186 0 move 31 33
186 1 move 38 16
187 0 move 31 32
187 1 move 37 16
188 0 move 32 32
188 1 move 37 15
189 0 move 33 32
189 1 move 37 14
190 0 move 33 31
190 1 move 37 13
191 0 move 33 30
191 1 move 37 12
192 0 pick 32 30
192 1 move 37 11
193 0 move 33 29
193 1 move 37 10
194 0 move 33 28
194 1 move 37 9
195 0 move 33 27
195 1 pick 38 9
196 0 pick 32 27
196 1 pick 38 9
197 0 pick 32 27
197 1 pick 38 9
198 0 pick 32 27
198 1 move 37 8
199 0 pick 32 27
199 1 move 37 7
200 0 pick 32 27
200 1 move 37 6
201 0 pick 32 27
201 1 move 37 5
202 0 pick 32 27
202 1 move 37 4
203 0 move 34 27
203 1 move 37 3
204 0 move 35 27
204 1 move 37 2
205 0 move 36 27
205 1 move 37 1
206 0 move 37 27
206 1 move 37 0
207 0 pick 38 27
207 1 fulfill 37 0
208 0 move 37 26
208 1 move 37 1
209 0 move 37 25
209 1 move 37 2
210 0 move 37 24
210 1 move 37 3
211 0 move 37 23
211 1 move 37 4
212 0 move 37 22
212 1 move 37 5
213 0 move 37 21
213 1 move 37 6
214 0 move 38 21
214 1 move 37 7
215 0 move 39 21
215 1 move 37 8
216 0 move 40 21
216 1 move 37 9
217 0 move 40 22
217 1 pick 38 9
218 0 move 40 23
218 1 move 36 9
219 0 move 40 24
219 1 move 35 9
220 0 move 40 25
220 1 move 34 9
221 0 move 40 26
221 1 move 33 9
222 0 move 40 27
222 1 pick 32 9
223 0 move 40 28
223 1 move 33 8
224 0 move 40 29
224 1 move 33 7
225 0 pick 39 29
225 1 pick 32 7
226 0 move 40 30
226 1 move 33 6
227 0 move 40 31
227 1 move 33 5
228 0 move 40 32
228 1 move 32 5
229 0 move 40 33
229 1 move 31 5
230 0 move 40 34
230 1 move 30 5
231 0 move 40 35
231 1 move 29 5
232 0 move 40 36
232 1 move 28 5
233 0 move 40 37
233 1 move 27 5
234 0 move 40 38
234 1 move 26 5
235 0 move 40 39
235 1 move 26 6
236 0 fulfill 40 39
236 1 move 26 7
237 0 move 39 39
237 1 move 26 8
238 0 move 38 39
238 1 pick 25 8
239 0 move 38 38
239 1 pick 25 8
240 0 move 38 37
240 1 pick 25 8
241 0 move 38 36
241 1 pick 25 8
242 0 move 37 36
242 1 pick 25 8
243 0 move 37 35
243 1 pick 25 8
244 0 move 37 34
244 1 move 26 7
245 0 move 37 33
245 1 move 26 6
246 0 move 37 32
246 1 move 26 5
247 0 move 38 32
247 1 move 26 4
248 0 pick 38 31
248 1 move 26 3
249 0 pick 38 31
249 1 move 26 2
250 0 move 37 32
250 1 move 26 1
251 0 move 37 31
251 1 move 26 0
252 0 move 37 30
252 1 fulfill 26 0
253 0 move 37 29
253 1 move 26 1
254 0 pick 38 29
254 1 move 26 2
255 0 move 37 28
255 1 move 26 3
256 0 pick 38 28
256 1 move 26 4
257 0 move 37 27
257 1 move 26 5
258 0 move 37 26
258 1 move 26 6
259 0 move 37 25
259 1 move 26 7
260 0 move 37 24
260 1 move 26 8
261 0 move 37 23
261 1 pick 25 8
262 0 move 37 22
262 1 pick 25 8
263 0 move 37 21
263 1 pick 25 8
264 0 move 38 21
264 1 move 26 9
265 0 move 39 21
265 1 move 26 10
266 0 move 40 21
266 1 move 26 11
267 0 move 40 22
267 1 move 26 12
268 0 move 40 23
268 1 move 26 13
269 0 move 40 24
269 1 move 26 14
270 0 move 40 25
270 1 move 26 15
271 0 move 40 26
271 1 pick 25 15
272 0 move 40 27
272 1 move 26 16
273 0 move 40 28
273 1 move 25 16
274 0 pick 39 28
274 1 move 24 16
275 0 move 40 29
275 1 move 24 17
276 0 pick 39 29
276 1 move 24 18
277 0 move 40 30
277 1 move 24 19
278 0 move 40 31
278 1 move 24 20
279 0 move 40 32
279 1 move 24 21
280 0 move 40 33
280 1 pick 24 22
281 0 move 40 34
281 1 move 23 21
282 0 move 40 35
282 1 move 23 22
283 0 move 40 36
283 1 move 23 23
284 0 move 40 37
284 1 move 23 24
285 0 move 40 38
285 1 move 23 25
286 0 move 40 39
286 1 move 23 26
287 0 fulfill 40 39
287 1 move 23 27
288 0 move 39 39
288 1 move 23 28
289 0 move 39 38
289 1 move 23 29
290 0 move 39 37
290 1 move 23 30
291 0 move 39 36
291 1 move 23 31
292 0 move 39 35
292 1 move 23 32
293 0 pick 38 35
293 1 move 23 33
294 0 move 40 35
294 1 move 23 34
295 0 move 40 34
295 1 move 23 35
296 0 move 40 33
296 1 move 23 36
297 0 move 40 32
297 1 move 23 37
298 0 move 40 31
298 1 move 23 38
299 0 move 40 30
299 1 move 23 39
300 0 move 40 29
300 1 move 24 39
301 0 pick 39 29
301 1 fulfill 24 39
302 0 move 40 28
302 1 move 24 38
303 0 pick 39 28
303 1 move 24 37
304 0 move 40 27
304 1 move 24 36
305 0 move 40 26
305 1 move 24 35
306 0 pick 39 26
306 1 move 24 34
307 0 move 40 25
307 1 move 24 33
308 0 move 40 24
308 1 move 24 32
309 0 pick 39 24
309 1 move 25 32
310 0 move 40 23
310 1 pick 25 31
311 0 move 40 22
311 1 pick 25 31
312 0 move 40 21
312 1 pick 25 31
313 0 move 39 21
313 1 pick 25 31
314 0 move 38 21
314 1 move 24 32
315 0 move 37 21
315 1 move 23 32
316 0 move 36 21
316 1 move 22 32
317 0 move 35 21
317 1 move 21 32
318 0 move 34 21
318 1 move 20 32
319 0 move 33 21
319 1 move 19 32
320 0 move 32 21
320 1 move 18 32
321 0 move 31 21
321 1 move 17 32
322 0 move 30 21
322 1 pick 17 31
323 0 move 30 22
323 1 pick 17 31
324 0 move 30 23
324 1 move 18 32
325 0 pick 31 23
325 1 move 18 33
326 0 move 30 24
326 1 pick 18 34
327 0 move 30 25
327 1 move 18 32
328 0 move 30 26
328 1 move 19 32
329 0 move 30 27
329 1 move 19 31
330 0 move 30 28
330 1 move 19 30
331 0 move 30 29
331 1 move 19 29
332 0 move 30 30
332 1 move 19 28
333 0 move 30 31
333 1 move 19 27
334 0 move 30 32
334 1 pick 18 27
335 0 move 30 33
335 1 pick 18 27
336 0 move 30 34
336 1 pick 18 27
337 0 move 30 35
337 1 move 19 26
338 0 move 30 36
338 1 move 19 25
339 0 move 30 37
339 1 move 19 24
340 0 move 30 38
340 1 move 19 23
341 0 move 30 39
341 1 move 19 22
342 0 fulfill 30 39
342 1 move 19 21
343 0 move 30 38
343 1 move 18 21
344 0 move 30 37
344 1 move 17 21
345 0 move 30 36
345 1 move 16 21
346 0 move 30 35
346 1 move 16 22
347 0 move 30 34
347 1 move 16 23
348 0 move 30 33
348 1 move 16 24
349 0 move 30 32
349 1 move 16 25
350 0 move 30 31
350 1 move 16 26
351 0 move 30 30
351 1 pick 17 26
352 0 move 30 29
352 1 move 16 27
353 0 pick 31 29
353 1 move 16 28
354 0 move 30 30
354 1 move 16 29
355 0 move 30 31
355 1 move 16 30
356 0 move 30 32
356 1 move 16 31
357 0 move 31 32
357 1 move 16 32
358 0 move 32 32
358 1 move 16 33
359 0 move 33 32
359 1 move 16 34
360 0 move 33 31
360 1 move 16 35
361 0 move 33 30
361 1 move 16 36
362 0 move 33 29
362 1 move 16 37
363 0 pick 32 29
363 1 move 16 38
364 0 move 33 28
364 1 move 16 39
365 0 pick 32 28
365 1 fulfill 16 39
366 0 move 33 27
366 1 move 15 39
367 0 pick 32 27
367 1 move 14 39
368 0 pick 32 27
368 1 move 13 39
369 0 pick 32 27
369 1 move 12 39
370 0 pick 32 27
370 1 move 11 39
371 0 pick 32 27
371 1 move 10 39
372 0 pick 32 27
372 1 move 10 38
373 0 move 33 26
373 1 move 10 37
374 0 pick 32 26
374 1 move 10 36
375 0 pick 32 26
375 1 move 10 35
376 0 move 33 25
376 1 move 10 34
377 0 move 33 24
377 1 move 10 33
378 0 move 33 23
378 1 move 10 32
379 0 move 33 22
379 1 pick 10 31
380 0 pick 32 22
380 1 move 9 32
381 0 pick 32 22
381 1 move 9 31
382 0 pick 32 22
382 1 move 9 30
383 0 move 33 23
383 1 move 9 29
384 0 move 33 24
384 1 move 9 28
385 0 move 33 25
385 1 move 9 27
386 0 move 33 26
386 1 pick 10 27
387 0 move 33 27
387 1 move 9 26
388 0 move 33 28
388 1 move 9 25
389 0 move 33 29
389 1 move 9 24
390 0 move 33 30
390 1 move 9 23
391 0 move 33 31
391 1 move 9 22
392 0 move 33 32
392 1 move 9 21
393 0 move 33 33
393 1 move 10 21
394 0 move 33 34
394 1 move 11 21
395 0 move 33 35
395 1 move 12 21
396 0 move 33 36
396 1 move 12 22
397 0 move 33 37
397 1 move 12 23
398 0 move 33 38
398 1 move 12 24
399 0 move 33 39
399 1 move 12 25
400 0 fulfill 33 39
400 1 move 12 26
401 0 move 33 38
401 1 move 13 26
402 0 move 33 37
402 1 move 14 26
403 0 move 33 36
403 1 move 15 26
404 0 move 33 35
404 1 move 16 26
405 0 move 33 34
405 1 pick 17 26
406 0 move 33 33
406 1 move 16 25
407 0 move 33 32
407 1 move 16 24
408 0 move 33 31
408 1 move 16 23
409 0 move 33 30
409 1 move 16 22
410 0 move 33 29
410 1 move 16 21
411 0 move 33 28
411 1 move 17 21
412 0 move 33 27
412 1 move 18 21
413 0 pick 32 27
413 1 move 19 21
414 0 pick 32 27
414 1 move 19 22
415 0 pick 32 27
415 1 move 19 23
416 0 move 33 26
416 1 move 19 24
417 0 move 33 25
417 1 move 19 25
418 0 move 33 24
418 1 move 19 26
419 0 move 33 23
419 1 move 19 27
420 0 move 33 22
420 1 pick 18 27
421 0 pick 32 22
421 1 pick 18 27
422 0 move 33 21
422 1 pick 18 27
423 0 move 32 21
423 1 move 19 28
424 0 move 31 21
424 1 move 19 29
425 0 move 30 21
425 1 move 19 30
426 0 move 29 21
426 1 move 19 31
427 0 move 28 21
427 1 move 19 32
428 0 move 27 21
428 1 move 19 33
429 0 move 26 21
429 1 move 19 34
430 0 move 26 22
430 1 move 19 35
431 0 move 26 23
431 1 move 19 36
432 0 pick 25 23
432 1 move 19 37
433 0 move 26 22
433 1 move 19 38
434 0 move 26 21
434 1 move 19 39
435 0 move 26 20
435 1 fulfill 19 39
436 0 move 26 19
436 1 move 18 39
437 0 move 26 18
437 1 move 18 38
438 0 move 26 17
438 1 move 18 37
439 0 move 26 16
439 1 move 18 36
440 0 move 26 15
440 1 move 18 35
441 0 pick 25 15
441 1 pick 17 35
442 0 move 26 14
442 1 move 18 36
443 0 move 26 13
443 1 move 17 36
444 0 move 26 12
444 1 move 16 36
445 0 move 26 11
445 1 move 16 35
446 0 move 26 10
446 1 move 16 34
447 0 move 26 9
447 1 move 16 33
448 0 move 26 8
448 1 move 16 32
449 0 move 26 7
449 1 move 16 31
450 0 move 26 6
450 1 move 16 30
451 0 move 26 5
451 1 move 16 29
452 0 move 26 4
452 1 pick 17 29
453 0 move 26 3
453 1 pick 17 29
454 0 move 26 2
454 1 pick 17 29
455 0 move 26 1
455 1 move 16 28
456 0 move 26 0
456 1 pick 17 28
457 0 fulfill 26 0
457 1 pick 17 28
458 0 move 26 1
458 1 pick 17 28
459 0 move 26 2
459 1 move 15 28
460 0 move 26 3
460 1 move 14 28
461 0 move 26 4
461 1 move 13 28
462 0 move 26 5
462 1 move 12 28
463 0 move 26 6
463 1 pick 11 28
464 0 move 26 7
464 1 move 13 28
465 0 move 26 8
465 1 move 14 28
466 0 pick 25 8
466 1 move 15 28
467 0 pick 25 8
467 1 move 16 28
468 0 pick 25 8
468 1 move 16 29
469 0 pick 25 8
469 1 move 16 30
470 0 pick 25 8
470 1 move 16 31
471 0 move 26 7
471 1 move 16 32
472 0 move 26 6
472 1 move 17 32
473 0 move 26 5
473 1 move 18 32
474 0 move 25 5
474 1 move 19 32
475 0 move 24 5
475 1 move 19 31
476 0 move 23 5
476 1 move 19 30
477 0 move 23 6
477 1 move 19 29
478 0 move 23 7
478 1 move 19 28
479 0 move 23 8
479 1 move 19 27
480 0 pick 24 8
480 1 pick 18 27
481 0 move 22 8
481 1 pick 18 27
482 0 move 21 8
482 1 move 19 28
483 0 move 20 8
483 1 move 19 29
484 0 move 19 8
484 1 move 19 30
485 0 pick 18 8
485 1 move 19 31
486 0 move 19 7
486 1 move 19 32
487 0 move 19 6
487 1 move 19 33
488 0 move 19 5
488 1 move 19 34
489 0 move 18 5
489 1 move 19 35
490 0 move 17 5
490 1 move 19 36
491 0 move 16 5
491 1 move 19 37
492 0 move 16 6
492 1 move 19 38
493 0 move 16 7
493 1 move 19 39
494 0 move 16 8
494 1 fulfill 19 39
495 0 move 16 9
495 1 move 19 38
496 0 move 16 10
496 1 move 19 37
497 0 move 16 11
497 1 move 19 36
498 0 pick 17 11
498 1 move 19 35
499 0 move 16 10
499 1 move 19 34
500 0 move 16 9
500 1 move 19 33
501 0 move 16 8
501 1 move 19 32
502 0 move 16 7
502 1 move 19 31
503 0 move 16 6
503 1 move 19 30
504 0 move 16 5
504 1 move 19 29
505 0 move 16 4
505 1 move 19 28
506 0 move 16 3
506 1 move 19 27
507 0 move 16 2
507 1 pick 18 27
508 0 move 16 1
508 1 pick 18 27
509 0 move 16 0
509 1 move 19 26
510 0 fulfill 16 0
510 1 pick 18 26
511 0 move 15 0
511 1 move 19 25
512 0 move 14 0
512 1 move 19 24
513 0 move 13 0
513 1 move 19 23
514 0 move 12 0
514 1 move 19 22
515 0 move 11 0
515 1 move 19 21
516 0 move 10 0
516 1 move 18 21
517 0 move 10 1
517 1 move 17 21
518 0 move 10 2
518 1 move 16 21
519 0 move 10 3
519 1 move 16 22
520 0 move 10 4
520 1 move 16 23
521 0 move 10 5
521 1 move 16 24
522 0 pick 10 6
522 1 move 16 25
523 0 pick 10 6
523 1 move 16 26
524 0 pick 10 6
524 1 move 16 27
525 0 pick 10 6
525 1 pick 17 27
526 0 move 11 5
526 1 pick 17 27
527 0 move 12 5
527 1 move 16 28
528 0 move 12 6
528 1 move 16 29
529 0 move 12 7
529 1 pick 17 29
530 0 move 12 8
530 1 move 16 30
531 0 move 12 9
531 1 move 16 31
532 0 move 12 10
532 1 move 16 32
533 0 move 12 11
533 1 move 16 33
534 0 move 12 12
534 1 move 16 34
535 0 move 12 13
535 1 move 16 35
536 0 move 13 13
536 1 move 16 36
537 0 move 14 13
537 1 move 16 37
538 0 move 15 13
538 1 move 16 38
539 0 move 16 13
539 1 move 16 39
540 0 pick 17 13
540 1 fulfill 16 39
541 0 move 16 14
541 1 move 16 38
542 0 move 16 15
542 1 move 16 37
543 0 move 16 16
543 1 move 16 36
544 0 move 16 17
544 1 move 16 35
545 0 move 16 18
545 1 move 16 34
546 0 move 16 19
546 1 move 16 33
547 0 move 16 20
547 1 move 16 32
548 0 move 16 21
548 1 move 16 31
549 0 move 16 22
549 1 move 16 30
550 0 move 16 23
550 1 move 16 29
551 0 move 16 24
551 1 pick 17 29
552 0 move 16 25
552 1 move 16 28
553 0 move 16 26
553 1 move 16 27
554 0 move 16 27
554 1 move 16 26
555 0 move 16 28
555 1 pick 17 26
556 0 move 16 29
556 1 pick 17 26
557 0 pick 17 29
557 1 move 16 25
558 0 move 16 30
558 1 move 16 24
559 0 move 16 31
559 1 move 16 23
560 0 move 16 32
560 1 move 16 22
561 0 move 16 33
561 1 move 16 21
562 0 move 16 34
562 1 move 17 21
563 0 move 16 35
563 1 move 18 21
564 0 move 16 36
564 1 move 19 21
565 0 move 16 37
565 1 move 19 22
566 0 move 16 38
566 1 move 19 23
567 0 move 16 39
567 1 move 19 24
568 0 fulfill 16 39
568 1 move 19 25
569 0 move 15 39
569 1 move 19 26
570 0 move 14 39
570 1 pick 18 26
571 0 move 14 38
571 1 move 19 27
572 1 pick 18 27
573 1 pick 18 27
574 1 pick 18 27
575 1 pick 18 27
576 1 move 19 28
577 1 move 19 29
578 1 move 19 30
579 1 move 19 31
580 1 move 19 32
581 1 move 19 33
582 1 move 19 34
583 1 move 19 35
584 1 move 19 36
585 1 move 19 37
586 1 move 19 38
587 1 move 19 39
588 1 fulfill 19 39
589 1 move 19 38
590 1 move 19 37
591 1 move 19 36
592 1 move 19 35
593 1 move 19 34
594 1 move 19 33
595 1 move 18 33
596 1 pick 17 33
597 1 move 18 32
598 1 move 17 32
599 1 move 16 32
600 1 move 16 31
601 1 move 16 30
602 1 move 16 29
603 1 move 16 28
604 1 pick 17 28
605 1 pick 17 28
606 1 pick 17 28
607 1 pick 17 28
608 1 pick 17 28
609 1 pick 17 28
610 1 move 15 28
611 1 move 14 28
612 1 move 13 28
613 1 move 12 28
614 1 pick 11 28
615 1 move 12 27
616 1 move 12 26
617 1 move 12 25
618 1 move 12 24
619 1 move 12 23
620 1 pick 11 23
621 1 move 12 22
622 1 move 12 21
623 1 move 11 21
624 1 move 10 21
625 1 move 9 21
626 1 move 9 22
627 1 pick 10 22
628 1 move 9 21
629 1 move 10 21
630 1 move 11 21
631 1 move 12 21
632 1 move 13 21
633 1 move 14 21
634 1 move 15 21
635 1 move 16 21
636 1 move 17 21
637 1 move 18 21
638 1 move 19 21
639 1 move 19 22
640 1 move 19 23
641 1 move 19 24
642 1 move 19 25
643 1 move 19 26
644 1 move 19 27
645 1 pick 18 27
646 1 pick 18 27
647 1 move 19 28
648 1 move 19 29
649 1 move 19 30
650 1 move 19 31
651 1 move 19 32
652 1 move 19 33
653 1 move 19 34
654 1 move 19 35
655 1 move 19 36
656 1 move 19 37
657 1 move 19 38
658 1 move 19 39
659 1 fulfill 19 39
660 1 move 18 39
661 1 move 17 39
662 1 move 16 39
663 1 move 16 38
664 1 move 16 37
665 1 move 16 36
666 1 move 16 35
667 1 move 16 34
668 1 pick 17 34
669 1 move 16 33
670 1 move 16 32
671 1 move 16 31
672 1 move 16 30
673 1 move 16 29
674 1 pick 17 29
675 1 move 16 28
676 1 pick 17 28
677 1 pick 17 28
678 1 pick 17 28
679 1 pick 17 28
680 1 pick 17 28
681 1 move 16 29
682 1 move 16 30
683 1 move 16 31
684 1 move 16 32
685 1 move 17 32
686 1 move 18 32
687 1 move 19 32
688 1 move 19 31
689 1 move 19 30
690 1 move 19 29
691 1 move 19 28
692 1 move 19 27
693 1 pick 18 27
694 1 pick 18 27
695 1 pick 18 27
696 1 move 19 26
697 1 move 19 25
698 1 pick 18 25
699 1 move 19 24
700 1 move 19 23
701 1 move 19 22
702 1 move 19 21
703 1 move 18 21
704 1 move 17 21
705 1 move 16 21
706 1 move 16 22
707 1 pick 17 22
708 1 move 15 22
709 1 move 14 22
710 1 move 13 22
711 1 move 12 22
712 1 move 12 21
713 1 move 11 21
714 1 move 10 21
715 1 move 10 20
716 1 move 10 19
717 1 move 10 18
718 1 move 10 17
719 1 move 10 16
720 1 pick 10 15
721 1 pick 10 15
722 1 move 9 16
723 1 move 8 16
724 1 move 7 16
725 1 move 6 16
726 1 move 5 16
727 1 move 4 16
728 1 move 3 16
729 1 move 2 16
730 1 move 1 16
731 1 move 0 16
732 1 fulfill 0 16
733 1 move 0 15
734 1 move 0 14
735 1 move 1 14
736 1 move 2 14
737 1 move 3 14
738 1 move 4 14
739 1 move 5 14
740 1 move 6 14
741 1 move 7 14
742 1 move 8 14
743 1 move 9 14
744 1 pick 10 14
745 1 move 9 13
746 1 move 9 12
747 1 pick 10 12
748 1 move 9 11
749 1 pick 10 11
750 1 pick 10 11
751 1 move 9 10
752 1 move 9 9
753 1 move 9 8
754 1 move 9 7
755 1 move 9 6
756 1 pick 10 6
757 1 pick 10 6
758 1 pick 10 6
759 1 move 9 5
760 1 move 10 5
761 1 move 11 5
762 1 move 12 5
763 1 move 12 6
764 1 move 12 7
765 1 pick 11 7
766 1 move 12 6
767 1 move 12 5
768 1 move 12 4
769 1 move 12 3
770 1 move 12 2
771 1 move 12 1
772 1 move 12 0
773 1 fulfill 12 0
774 1 move 11 0
775 1 move 10 0
776 1 move 10 1
777 1 move 10 2
778 1 move 10 3
779 1 move 10 4
780 1 move 10 5
781 1 pick 10 6
782 1 pick 10 6
783 1 pick 10 6
784 1 pick 10 6
785 1 pick 10 6
786 1 move 9 5
787 1 move 9 6
788 1 move 9 7
789 1 move 9 8
790 1 pick 10 8
791 1 move 9 9
792 1 pick 10 9
793 1 move 9 10
794 1 pick 10 10
795 1 move 9 11
796 1 move 9 12
797 1 pick 10 12
798 1 move 8 12
799 1 move 7 12
800 1 move 6 12
801 1 move 5 12
802 1 move 4 12
803 1 move 3 12
804 1 move 2 12
805 1 move 1 12
806 1 move 0 12
807 1 fulfill 0 12
808 1 move 0 11
809 1 move 1 11
810 1 move 2 11
811 1 move 3 11
812 1 move 4 11
813 1 move 5 11
814 1 move 6 11
815 1 move 7 11
816 1 move 8 11
817 1 move 9 11
818 1 pick 10 11
819 1 pick 10 11
820 1 move 9 10
821 1 move 9 9
822 1 move 9 8
823 1 pick 10 8
824 1 move 9 7
825 1 move 9 6
826 1 pick 10 6
827 1 pick 10 6
828 1 move 9 5
829 1 move 10 5
830 1 move 11 5
831 1 move 12 5
832 1 move 12 6
833 1 move 12 7
834 1 move 12 8
835 1 move 12 9
836 1 move 12 10
837 1 move 12 11
838 1 move 12 12
839 1 move 12 13
840 1 move 13 13
841 1 move 14 13
842 1 move 15 13
843 1 move 16 13
844 1 pick 17 13
845 1 pick 17 13
846 1 move 16 14
847 1 move 16 15
848 1 move 16 16
849 1 move 16 17
850 1 move 16 18
851 1 move 16 19
852 1 move 16 20
853 1 move 16 21
854 1 move 16 22
855 1 move 16 23
856 1 move 16 24
857 1 move 16 25
858 1 move 16 26
859 1 move 16 27
860 1 move 16 28
861 1 move 16 29
862 1 pick 17 29
863 1 move 16 30
864 1 move 16 31
865 1 move 16 32
866 1 move 16 33
867 1 move 16 34
868 1 move 16 35
869 1 move 16 36
870 1 move 16 37
871 1 move 16 38
872 1 move 16 39
873 1 fulfill 16 39
874 1 move 16 38
875 1 move 16 37
876 1 move 16 36
877 1 move 16 35
878 1 move 16 34
879 1 move 16 33
880 1 move 16 32
881 1 move 16 31
882 1 pick 17 31
883 1 move 16 30
884 1 move 16 29
885 1 move 16 28
886 1 pick 17 28
887 1 pick 17 28
888 1 move 16 29
889 1 move 16 30
890 1 move 16 31
891 1 move 16 32
892 1 move 17 32
893 1 move 18 32
894 1 move 19 32
895 1 move 19 31
896 1 move 19 30
897 1 move 19 29
898 1 move 19 28
899 1 move 19 27
900 1 pick 18 27
901 1 move 19 26
902 1 pick 18 26
903 1 move 19 27
904 1 move 19 28
905 1 move 19 29
906 1 move 19 30
907 1 move 19 31
908 1 move 19 32
909 1 move 19 33
910 1 move 19 34
911 1 move 19 35
912 1 move 19 36
913 1 move 19 37
914 1 move 19 38
915 1 move 19 39
916 1 fulfill 19 39
917 1 move 19 38
918 1 move 19 37
919 1 move 19 36
920 1 move 19 35
921 1 move 19 34
922 1 move 19 33
923 1 move 19 32
924 1 move 19 31
925 1 move 19 30
926 1 pick 18 30
927 1 move 19 29
928 1 pick 18 29
929 1 move 19 28
930 1 move 19 27
931 1 pick 18 27
932 1 pick 18 27
933 1 move 19 26
934 1 move 19 25
935 1 pick 18 25
936 1 move 19 24
937 1 move 19 23
938 1 move 19 22
939 1 move 19 21
940 1 move 18 21
941 1 move 17 21
942 1 move 16 21
943 1 move 16 22
944 1 move 16 23
945 1 move 16 24
946 1 move 16 25
947 1 move 16 26
948 1 move 16 27
949 1 pick 17 27
950 1 pick 17 27
951 1 move 16 28
952 1 move 16 29
953 1 pick 17 29
954 1 move 16 30
955 1 move 16 31
956 1 move 16 32
957 1 move 16 33
958 1 move 16 34
959 1 move 16 35
960 1 move 16 36
961 1 move 16 37
962 1 move 16 38
963 1 move 16 39
964 1 fulfill 16 39
965 1 move 16 38
966 1 move 16 37
967 1 move 16 36
968 1 move 16 35
969 1 move 16 34
970 1 move 16 33
971 1 pick 17 33
972 1 move 16 32
973 1 move 16 31
974 1 move 16 30
975 1 move 16 29
976 1 pick 17 29
977 1 pick 17 29
978 1 move 16 28
979 1 pick 17 28
980 1 pick 17 28
981 1 move 16 29
982 1 move 16 30
983 1 move 16 31
984 1 move 16 32
985 1 move 17 32
986 1 move 18 32
987 1 move 19 32
988 1 move 19 31
989 1 move 19 30
990 1 move 19 29
991 1 move 19 28
992 1 move 19 27
993 1 pick 18 27
994 1 pick 18 27
995 1 pick 18 27
996 1 pick 18 27
997 1 move 19 26
998 1 pick 18 26
999 1 pick 18 26
1000 1 pick 18 26
1001 1 move 19 25
1002 1 pick 18 25
1003 1 move 19 26
1004 1 move 19 27
1005 1 move 19 28
1006 1 move 19 29
1007 1 move 19 30
1008 1 move 19 31
1009 1 move 19 32
1010 1 move 19 33
1011 1 move 19 34
1012 1 move 19 35
1013 1 move 19 36
1014 1 move 19 37
1015 1 move 19 38
1016 1 move 19 39
1017 1 fulfill 19 39
