1 0 move 57 13
1 1 move 52 4
1 2 move 22 17
1 3 move 42 9
1 4 move 40 14
2 0 move 56 13
2 1 move 51 4
2 2 move 22 18
2 3 move 43 9
2 4 move 40 15
3 0 move 55 13
3 1 move 50 4
3 2 move 22 19
3 3 move 44 9
3 4 move 40 16
4 0 move 54 13
4 1 move 49 4
4 2 move 22 20
4 3 move 44 8
4 4 move 39 16
5 0 move 53 13
5 1 move 48 4
5 2 move 22 21
5 3 move 44 7
5 4 move 38 16
6 0 move 52 13
6 1 move 47 4
6 2 move 22 22
6 3 move 44 6
6 4 move 37 16
7 0 move 51 13
7 1 move 46 4
7 2 move 22 23
7 3 move 44 5
7 4 move 36 16
8 0 move 50 13
8 1 move 45 4
8 2 move 22 24
8 3 move 45 5
8 4 move 35 16
9 0 move 49 13
9 1 move 45 5
9 2 move 22 25
9 3 move 46 5
9 4 move 35 15
10 0 move 48 13
10 1 dock 45 6
10 2 move 22 26
10 3 move 47 5
10 4 move 35 14
11 0 move 47 13
11 1 move 44 5
11 2 move 22 27
11 3 move 47 6
11 4 move 35 13
12 0 move 47 14
12 1 undock 44 6
12 2 move 22 28
12 3 move 47 7
12 4 move 35 12
13 0 move 47 15
13 1 dock 44 6
13 2 move 23 28
13 3 move 47 8
13 4 move 34 12
14 0 move 47 16
14 1 move 43 5
14 2 dock 24 28
14 3 move 47 9
14 4 move 35 12
15 0 move 46 16
15 1 move 42 5
15 2 move 22 28
15 3 move 48 9
15 4 move 34 12
16 0 move 45 16
16 1 move 41 5
16 2 undock 23 28
16 3 move 48 8
16 4 move 33 12
17 0 move 44 16
17 1 move 40 5
17 2 move 22 29
17 3 move 47 8
17 4 move 33 11
18 0 move 44 17
18 1 move 40 4
18 2 move 23 29
18 3 move 47 7
18 4 move 33 10
19 0 move 44 18
19 1 move 39 4
19 2 dock 23 28
19 3 move 47 6
19 4 move 33 9
20 0 move 44 19
20 1 move 38 4
20 2 move 22 29
20 3 move 47 5
20 4 move 33 8
21 0 move 44 20
21 1 move 38 3
21 2 move 21 29
21 3 move 46 5
21 4 move 33 7
22 0 move 44 21
22 1 move 38 2
22 2 move 20 29
22 3 move 45 5
22 4 move 33 6
23 0 move 44 22
23 1 move 38 1
23 2 move 19 29
23 3 move 44 5
23 4 move 33 5
24 0 move 44 23
24 1 move 38 0
24 2 move 19 30
24 3 move 44 6
24 4 move 32 5
25 0 move 44 24
25 1 undock 38 1
25 2 move 19 31
25 3 move 44 7
25 4 dock 32 6
26 0 move 44 25
26 1 move 37 0
26 2 move 19 32
26 3 dock 45 7
26 4 move 33 5
27 0 move 44 26
27 1 move 36 0
27 2 move 19 33
27 3 move 43 7
27 4 undock 33 6
28 0 move 44 27
28 1 move 35 0
28 2 move 18 33
28 3 undock 44 7
28 4 dock 33 6
29 0 move 44 28
29 1 move 35 1
29 2 move 17 33
29 3 move 43 6
29 4 move 33 4
30 0 move 44 29
30 1 move 35 2
30 2 move 17 34
30 3 move 44 6
30 4 move 33 3
31 0 dock 45 29
31 1 move 35 3
31 2 undock 17 33
31 3 dock 44 7
31 4 move 33 2
32 0 move 43 29
32 2 move 18 34
32 3 move 43 6
32 4 move 34 2
33 0 undock 44 29
33 1 move 34 3
33 2 move 18 33
33 3 move 42 6
33 4 move 35 2
34 0 move 43 30
34 1 move 34 4
34 2 move 18 32
34 3 move 41 6
34 4 move 36 2
35 0 move 44 30
35 1 move 33 4
35 2 move 19 32
35 3 move 40 6
35 4 move 37 2
36 0 dock 44 29
36 1 move 32 4
36 2 move 19 31
36 3 move 40 5
36 4 move 38 2
37 0 move 43 30
37 1 move 31 4
37 2 move 19 30
37 3 move 40 4
37 4 undock 38 3
38 0 move 42 30
38 1 move 30 4
38 2 move 19 29
38 3 move 39 4
38 4 move 37 2
39 0 move 41 30
39 1 move 30 5
39 2 move 19 28
39 3 undock 39 5
39 4 move 36 2
40 0 move 40 30
40 1 move 30 6
40 2 move 19 27
40 3 move 40 4
40 4 move 35 2
41 0 move 40 31
41 1 move 30 7
41 2 move 19 26
41 3 move 40 5
41 4 move 35 3
42 0 move 40 32
42 1 pick 31 7
42 2 move 19 25
42 3 move 40 6
42 4 move 35 4
43 0 move 40 33
43 1 move 29 7
43 2 move 19 24
43 3 move 40 7
43 4 move 35 5
44 0 move 39 33
44 1 move 28 7
44 2 move 19 23
44 3 move 40 8
44 4 move 36 5
45 0 undock 39 32
45 1 move 27 7
45 2 move 19 22
45 3 move 40 9
45 4 move 37 5
46 0 move 40 33
46 1 move 26 7
46 2 move 19 21
46 3 move 40 10
46 4 move 38 5
47 0 move 40 32
47 1 move 26 8
47 2 move 19 20
47 3 move 40 11
47 4 pick 39 5
48 0 move 40 31
48 1 pick 25 8
48 2 move 19 19
48 3 move 40 12
48 4 move 38 4
49 0 move 40 30
49 1 pick 25 8
49 2 move 19 18
49 3 move 40 13
49 4 move 39 4
50 0 move 40 29
50 1 pick 25 8
50 2 move 19 17
50 3 move 41 13
50 4 move 40 4
51 0 move 40 28
51 1 pick 25 8
51 2 move 19 16
51 3 move 42 13
51 4 move 40 5
52 0 move 40 27
52 1 pick 25 8
52 2 move 19 15
52 3 move 43 13
52 4 move 40 6
53 0 move 40 26
53 1 move 26 7
53 2 move 20 15
53 3 move 44 13
53 4 move 40 7
54 0 move 41 26
54 1 move 26 6
54 2 move 21 15
54 3 dock 45 13
54 4 pick 39 7
55 0 move 42 26
55 1 move 26 5
55 2 move 22 15
55 3 move 43 13
55 4 move 40 8
56 0 move 43 26
56 1 move 26 4
56 2 move 23 15
56 3 undock 44 13
56 4 pick 39 8
57 0 move 44 26
57 1 move 26 3
57 2 dock 24 15
57 3 move 43 12
57 4 move 40 9
58 0 dock 45 26
58 1 move 26 2
58 2 move 23 16
58 3 move 44 12
58 4 pick 39 9
59 0 move 43 26
59 1 move 26 1
59 2 undock 24 16
59 3 dock 44 13
59 4 move 40 10
60 0 undock 44 26
60 1 move 26 0
60 2 move 23 17
60 3 move 43 12
60 4 move 40 11
61 0 move 43 27
61 1 fulfill 26 0
61 2 move 24 17
61 3 move 42 12
61 4 pick 39 11
62 0 move 44 27
62 1 move 26 1
62 2 dock 24 16
62 3 move 41 12
62 4 pick 39 11
63 0 dock 44 26
63 1 move 26 2
63 2 move 23 17
63 3 move 40 12
63 4 move 40 10
64 0 move 43 27
64 1 move 26 3
64 2 move 22 17
64 3 move 40 11
64 4 move 40 9
65 0 move 42 27
65 1 move 26 4
65 2 move 21 17
65 3 move 40 10
65 4 move 40 8
66 0 move 41 27
66 1 move 26 5
66 2 move 20 17
66 3 move 40 9
66 4 move 40 7
67 0 move 40 27
67 1 move 26 6
67 2 move 19 17
67 3 move 40 8
67 4 move 40 6
68 0 move 40 28
68 1 move 26 7
68 2 move 19 18
68 3 move 40 7
68 4 move 40 5
69 0 move 40 29
69 1 move 26 8
69 2 move 19 19
69 3 move 40 6
69 4 move 40 4
70 0 move 40 30
70 1 pick 25 8
70 2 move 19 20
70 3 move 40 5
70 4 move 40 3
71 0 move 40 31
71 1 pick 25 8
71 2 move 19 21
71 3 move 40 4
71 4 move 40 2
72 0 move 40 32
72 1 move 26 7
72 2 move 19 22
72 3 move 40 3
72 4 move 40 1
73 0 move 40 33
73 1 move 26 6
73 2 move 19 23
73 3 move 39 3
73 4 move 40 0
74 0 move 40 34
74 1 move 26 5
74 2 move 19 24
74 3 undock 39 4
74 4 fulfill 40 0
75 0 move 39 34
75 1 move 25 5
75 2 move 19 25
75 3 move 40 3
75 4 move 40 1
76 0 move 39 35
76 1 move 24 5
76 2 move 19 26
76 3 move 40 4
76 4 move 40 2
77 0 undock 39 34
77 1 move 23 5
77 2 move 19 27
77 3 move 40 5
77 4 move 40 3
78 0 move 38 35
78 1 move 23 6
78 2 move 19 28
78 3 move 40 6
78 4 move 40 4
79 0 move 37 35
79 1 move 23 7
79 2 move 19 29
79 3 move 40 7
79 4 move 40 5
80 0 move 36 35
80 1 pick 24 7
80 2 move 19 30
80 3 move 40 8
80 4 pick 39 5
81 0 move 35 35
81 1 move 23 6
81 2 move 19 31
81 3 move 40 9
81 4 pick 39 5
82 0 move 34 35
82 1 move 23 5
82 2 move 19 32
82 3 move 40 10
82 4 move 40 6
83 0 move 33 35
83 1 move 24 5
83 2 move 19 33
83 3 move 40 11
83 4 move 40 7
84 0 move 32 35
84 1 move 25 5
84 2 move 18 33
84 3 move 41 11
84 4 move 40 8
85 0 move 32 34
85 1 move 26 5
85 2 move 18 34
85 3 move 42 11
85 4 pick 39 8
86 0 move 32 33
86 1 move 26 6
86 2 move 18 35
86 3 move 43 11
86 4 move 40 9
87 0 move 32 32
87 1 move 26 7
87 2 move 17 35
87 3 move 44 11
87 4 move 40 10
88 0 dock 32 31
88 1 move 26 8
88 2 undock 17 34
88 3 dock 45 11
88 4 move 40 11
89 0 move 33 32
89 1 move 26 9
89 2 move 18 35
89 3 move 43 11
89 4 pick 39 11
90 0 undock 33 31
90 1 move 27 9
90 2 move 18 34
90 3 undock 44 11
90 4 pick 39 11
91 0 dock 33 31
91 1 move 28 9
91 2 move 18 33
91 3 move 43 10
91 4 move 40 10
92 0 move 33 33
92 1 move 29 9
92 2 move 18 32
92 3 move 44 10
92 4 move 40 9
93 0 move 33 34
93 1 move 30 9
93 2 move 19 32
93 3 dock 44 11
93 4 move 40 8
94 0 move 33 35
94 1 pick 31 9
94 2 move 19 31
94 3 move 43 10
94 4 move 40 7
95 0 move 33 36
95 1 pick 31 9
95 2 move 19 30
95 3 move 42 10
95 4 move 40 6
96 0 move 34 36
96 1 pick 31 9
96 2 move 19 29
96 3 move 41 10
96 4 move 40 5
97 0 move 35 36
97 1 pick 31 9
97 2 move 19 28
97 3 move 40 10
97 4 move 40 4
98 0 move 36 36
98 1 move 30 8
98 2 move 19 27
98 3 move 40 9
98 4 move 40 3
99 0 move 37 36
99 1 move 30 7
99 2 move 19 26
99 3 move 40 8
99 4 move 39 3
100 0 move 38 36
100 1 move 30 6
100 2 move 20 26
100 3 move 40 7
100 4 move 39 2
101 0 undock 38 35
101 1 move 30 5
101 2 move 21 26
101 3 move 40 6
101 4 move 38 2
102 0 move 37 36
102 1 move 30 4
102 2 move 22 26
102 3 move 40 5
102 4 move 37 2
103 0 move 36 36
103 1 move 30 3
103 2 move 23 26
103 3 move 40 4
103 4 move 37 3
104 0 move 35 36
104 1 move 30 2
104 2 dock 24 26
104 3 move 40 3
104 4 move 37 4
105 0 move 35 35
105 1 move 30 1
105 2 move 22 26
105 3 move 40 2
105 4 move 37 5
106 0 move 35 34
106 1 move 30 0
106 2 undock 23 26
106 3 move 39 2
106 4 move 37 6
107 0 move 35 33
107 1 fulfill 30 0
107 2 move 22 27
107 3 move 39 1
107 4 move 37 7
108 0 move 35 32
108 1 move 30 1
108 2 move 23 27
108 3 undock 39 2
108 4 pick 38 7
109 0 move 35 31
109 1 move 30 2
109 2 dock 23 26
109 3 move 40 1
109 4 move 37 6
110 0 move 35 30
110 1 move 30 3
110 2 move 22 27
110 3 move 41 1
110 4 move 37 5
111 0 move 35 29
111 1 move 30 4
111 2 move 21 27
111 3 move 42 1
111 4 move 37 4
112 0 move 35 28
112 1 move 30 5
112 2 move 20 27
112 3 move 43 1
112 4 move 37 3
113 0 move 36 28
113 1 move 30 6
113 2 move 19 27
113 3 move 44 1
113 4 move 37 2
114 0 move 37 28
114 1 move 30 7
114 2 move 19 28
114 3 move 45 1
114 4 move 37 1
115 0 pick 38 28
115 1 move 30 8
115 2 move 19 29
115 3 move 45 2
115 4 move 37 0
116 0 move 37 29
116 1 pick 31 8
116 2 move 19 30
116 3 move 45 3
116 4 fulfill 37 0
117 0 move 37 30
117 1 pick 31 8
117 2 move 19 31
117 3 move 45 4
117 4 move 37 1
118 0 move 37 31
118 1 move 30 9
118 2 move 19 32
118 3 move 45 5
118 4 move 37 2
119 0 move 37 32
119 1 pick 31 9
119 2 move 19 33
119 3 move 46 5
119 4 move 37 3
120 0 move 38 32
120 1 move 29 9
120 2 move 18 33
120 3 pick 46 6
120 4 move 37 4
121 0 move 38 33
121 1 move 28 9
121 2 move 18 34
121 3 pick 46 6
121 4 move 37 5
122 0 move 39 33
122 1 move 27 9
122 2 move 18 35
122 3 pick 46 6
122 4 move 37 6
123 0 move 40 33
123 1 move 26 9
123 2 undock 18 34
123 3 pick 46 6
123 4 move 37 7
124 0 move 40 32
124 1 move 26 8
124 2 move 19 35
124 3 move 47 5
124 4 move 37 8
125 0 move 40 31
125 1 pick 25 8
125 2 move 19 34
125 3 move 47 6
125 4 move 37 9
126 0 move 40 30
126 1 pick 25 8
126 2 move 19 33
126 3 move 47 7
126 4 pick 38 9
127 0 move 40 29
127 1 pick 25 8
127 2 move 19 32
127 3 pick 46 7
127 4 move 37 10
128 0 move 40 28
128 1 pick 25 8
128 2 move 19 31
128 3 move 47 8
128 4 pick 38 10
129 0 pick 39 28
129 1 pick 25 8
129 2 move 20 31
129 3 move 47 9
129 4 move 37 11
130 0 pick 39 28
130 1 pick 25 8
130 2 move 21 31
130 3 move 47 10
130 4 move 37 12
131 0 pick 39 28
131 1 pick 25 8
131 2 move 22 31
131 3 pick 46 10
131 4 move 37 13
132 0 move 40 29
132 1 move 26 7
132 2 move 23 31
132 3 pick 46 10
132 4 move 37 14
133 0 pick 39 29
133 1 pick 25 7
133 2 dock 24 31
133 3 move 47 11
133 4 move 37 15
134 0 move 40 28
134 1 move 26 6
134 2 move 22 31
134 3 move 47 12
134 4 move 37 16
135 0 move 40 27
135 1 move 26 5
135 2 undock 23 31
135 3 move 47 13
135 4 move 38 16
136 0 move 40 26
136 1 move 26 4
136 2 move 22 32
136 3 move 47 14
136 4 move 39 16
137 0 pick 39 26
137 1 move 26 3
137 2 move 23 32
137 3 move 47 15
137 4 move 40 16
138 0 move 40 27
138 1 move 26 2
138 2 dock 23 31
138 3 move 47 16
138 4 move 40 15
139 0 move 40 28
139 1 move 26 1
139 2 move 22 32
139 3 move 47 17
139 4 move 40 14
140 0 move 40 29
140 1 move 26 0
140 2 move 21 32
140 3 move 47 18
140 4 move 40 13
141 0 move 40 30
141 1 fulfill 26 0
141 2 move 20 32
141 3 move 47 19
141 4 move 40 12
142 0 move 40 31
142 1 move 26 1
142 2 move 19 32
142 3 move 47 20
142 4 move 40 11
143 0 move 40 32
143 1 move 26 2
143 2 move 19 33
143 3 move 47 21
143 4 pick 39 11
144 0 move 40 33
144 1 move 26 3
144 2 move 19 34
144 3 move 47 22
144 4 pick 39 11
145 0 move 40 34
145 1 move 26 4
145 2 move 19 35
145 3 move 47 23
145 4 pick 39 11
146 0 move 40 35
146 1 move 26 5
146 2 move 19 36
146 3 move 47 24
146 4 move 40 10
147 0 move 40 36
147 1 move 26 6
147 2 move 18 36
147 3 pick 46 24
147 4 move 40 9
148 0 move 40 37
148 1 move 26 7
148 2 move 17 36
148 3 move 48 24
148 4 pick 39 9
149 0 move 40 38
149 1 move 26 8
149 2 undock 17 35
149 3 move 49 24
149 4 move 40 8
150 0 move 40 39
150 1 pick 25 8
150 2 move 16 36
150 3 move 50 24
150 4 pick 39 8
151 0 fulfill 40 39
151 1 pick 25 8
151 2 move 15 36
151 3 move 51 24
151 4 move 40 7
152 0 move 40 38
152 1 move 26 7
152 2 move 14 36
152 3 move 52 24
152 4 move 40 6
153 0 move 40 37
153 1 move 26 6
153 2 move 13 36
153 3 move 53 24
153 4 move 40 5
154 0 move 40 36
154 1 move 26 5
154 2 move 12 36
154 3 move 54 24
154 4 move 40 4
155 0 move 40 35
155 1 move 25 5
155 2 move 12 35
155 3 move 55 24
155 4 move 40 3
156 0 move 40 34
156 1 move 24 5
156 2 move 12 34
156 3 move 56 24
156 4 move 40 2
157 0 move 40 33
157 1 move 23 5
157 2 move 12 33
157 3 move 57 24
157 4 move 40 1
158 0 move 40 32
158 1 move 23 6
158 2 move 12 32
158 3 move 58 24
158 4 move 40 0
159 0 move 40 31
159 1 move 23 7
159 2 move 12 31
159 3 move 59 24
159 4 fulfill 40 0
160 0 move 40 30
160 1 move 23 8
160 2 pick 11 31
160 3 fulfill 59 24
160 4 move 39 0
161 0 move 40 29
161 1 pick 24 8
161 2 move 12 30
161 3 move 58 24
161 4 move 38 0
162 0 pick 39 29
162 1 move 23 7
162 2 move 12 29
162 3 move 57 24
162 4 move 37 0
163 0 pick 39 29
163 1 move 23 6
163 2 move 12 28
163 3 move 56 24
163 4 move 37 1
164 0 move 40 28
164 1 move 23 5
164 2 move 12 27
164 3 move 55 24
164 4 move 37 2
165 0 pick 39 28
165 1 move 24 5
165 2 move 12 26
165 3 move 54 24
165 4 move 37 3
166 0 pick 39 28
166 1 move 25 5
166 2 pick 11 26
166 3 move 53 24
166 4 move 37 4
167 0 move 40 27
167 1 move 26 5
167 2 pick 11 26
167 3 move 52 24
167 4 move 37 5
168 0 move 40 26
168 1 move 26 6
168 2 pick 11 26
168 3 move 51 24
168 4 move 38 5
169 0 move 40 25
169 1 move 26 7
169 2 move 12 27
169 3 move 50 24
169 4 pick 38 6
170 0 pick 39 25
170 1 move 26 8
170 2 move 13 27
170 3 move 49 24
170 4 move 37 5
171 0 move 40 24
171 1 move 26 9
171 2 move 14 27
171 3 move 48 24
171 4 move 37 6
172 0 pick 39 24
172 1 move 27 9
172 2 move 15 27
172 3 move 47 24
172 4 move 37 7
173 0 move 40 25
173 1 move 28 9
173 2 move 16 27
173 3 move 47 23
173 4 pick 38 7
174 0 move 40 26
174 1 move 29 9
174 2 pick 17 27
174 3 move 47 22
174 4 move 37 8
175 0 move 40 27
175 1 move 30 9
175 2 move 16 28
175 3 move 47 21
175 4 move 37 9
176 0 move 40 28
176 1 pick 31 9
176 2 move 16 29
176 3 move 46 21
176 4 pick 38 9
177 0 move 40 29
177 1 pick 31 9
177 2 move 16 30
177 3 move 45 21
177 4 move 37 10
178 0 move 40 30
178 1 pick 31 9
178 2 move 16 31
178 3 move 44 21
178 4 move 37 11
179 0 move 40 31
179 1 move 30 8
179 2 move 16 32
179 3 move 43 21
179 4 move 37 12
180 0 move 40 32
180 1 move 30 7
180 2 move 17 32
180 3 move 42 21
180 4 move 37 13
181 0 move 40 33
181 1 move 30 6
181 2 move 18 32
181 3 move 41 21
181 4 move 37 14
182 0 move 40 34
182 1 move 30 5
182 2 move 19 32
182 3 move 40 21
182 4 move 37 15
183 0 move 40 35
183 1 move 31 5
183 2 move 19 31
183 3 move 40 22
183 4 move 37 16
184 0 move 40 36
184 1 move 32 5
184 2 move 19 30
184 3 move 40 23
184 4 move 38 16
185 0 move 40 37
185 1 move 33 5
185 2 move 19 29
185 3 move 40 24
185 4 move 39 16
186 0 move 40 38
186 1 move 33 6
186 2 move 19 28
186 3 pick 39 24
186 4 move 40 16
187 0 move 40 39
187 1 move 33 7
187 2 move 19 27
187 3 move 40 25
187 4 move 40 15
188 0 fulfill 40 39
188 1 move 33 8
188 2 pick 18 27
188 3 move 40 26
188 4 move 40 14
189 0 move 40 38
189 1 move 33 9
189 2 pick 18 27
189 3 move 40 27
189 4 move 40 13
190 0 move 40 37
190 1 move 34 9
190 2 pick 18 27
190 3 move 40 28
190 4 move 40 12
191 0 move 40 36
191 1 move 35 9
191 2 move 19 28
191 3 pick 39 28
191 4 move 40 11
192 0 move 40 35
192 1 move 36 9
192 2 move 19 29
192 3 pick 39 28
192 4 move 40 10
193 0 move 40 34
193 1 move 37 9
193 2 move 19 30
193 3 pick 39 28
193 4 move 40 9
194 0 move 40 33
194 1 pick 38 9
194 2 move 19 31
194 3 pick 39 28
194 4 pick 39 9
195 0 move 39 33
195 1 move 37 8
195 2 move 19 32
195 3 pick 39 28
195 4 move 40 8
196 0 move 38 33
196 1 move 37 7
196 2 move 19 33
196 3 pick 39 28
196 4 pick 39 8
197 0 move 38 32
197 1 move 37 6
197 2 move 19 34
197 3 pick 39 28
197 4 move 40 9
198 0 pick 38 31
198 1 move 37 5
198 2 move 19 35
198 3 move 40 29
198 4 move 40 10
199 0 pick 38 31
199 1 move 37 4
199 2 move 19 36
199 3 pick 39 29
199 4 move 40 11
200 0 move 37 32
200 1 move 37 3
200 2 move 19 37
200 3 move 40 30
200 4 pick 39 11
201 0 move 37 31
201 1 move 37 2
201 2 move 19 38
201 3 move 40 31
201 4 move 40 10
202 0 move 37 30
202 1 move 37 1
202 2 move 19 39
202 3 move 40 32
202 4 move 40 9
203 0 move 37 29
203 1 move 37 0
203 2 fulfill 19 39
203 3 move 40 33
203 4 move 40 8
204 0 pick 38 29
204 1 fulfill 37 0
204 2 move 19 38
204 3 move 39 33
204 4 move 40 7
205 0 move 37 28
205 1 move 38 0
205 2 move 19 37
205 3 move 38 33
205 4 move 40 6
206 0 pick 38 28
206 1 move 39 0
206 2 move 19 36
206 3 move 37 33
206 4 move 40 5
207 1 move 39 1
207 2 move 19 35
207 3 move 37 32
207 4 move 40 4
208 0 move 37 29
208 1 move 40 1
208 2 move 19 34
208 3 move 37 31
208 4 move 40 3
209 0 move 37 30
209 2 move 19 33
209 3 pick 38 31
209 4 move 40 2
210 0 move 37 31
210 1 move 40 2
210 2 move 19 32
210 3 move 37 32
210 4 move 40 1
211 0 move 37 32
211 1 move 40 3
211 2 move 19 31
211 3 move 37 33
211 4 move 40 0
212 0 move 38 32
212 1 move 40 4
212 2 pick 18 31
212 3 move 37 34
212 4 fulfill 40 0
213 0 move 38 33
213 1 move 40 5
213 2 move 19 30
213 3 move 37 35
213 4 move 40 1
214 0 move 39 33
214 1 move 40 6
214 2 move 19 29
214 3 move 37 36
214 4 move 40 2
215 0 move 40 33
215 1 pick 39 6
215 2 move 19 28
215 3 move 37 37
215 4 pick 39 2
216 0 move 40 32
216 1 pick 39 6
216 2 move 19 27
216 3 move 37 38
216 4 move 40 3
217 0 move 40 31
217 1 move 40 7
217 2 pick 18 27
217 3 move 37 39
217 4 move 40 4
218 0 move 40 30
218 1 move 40 8
218 2 pick 18 27
218 3 fulfill 37 39
218 4 move 40 5
219 0 move 40 29
219 1 pick 39 8
219 2 pick 18 27
219 3 move 37 38
219 4 move 40 6
220 0 move 40 28
220 1 pick 39 8
220 2 pick 18 27
220 3 move 37 37
220 4 pick 39 6
221 0 pick 39 28
221 1 pick 39 8
221 2 pick 18 27
221 3 move 37 36
221 4 move 40 7
222 0 move 40 29
222 1 pick 39 8
222 2 pick 18 27
222 3 move 37 35
223 0 pick 39 29
223 1 move 40 9
223 2 move 19 28
223 3 move 37 34
223 4 move 40 8
224 0 move 40 30
224 1 move 40 10
224 2 move 19 29
224 3 move 37 33
224 4 pick 39 8
225 0 move 40 31
225 1 move 40 11
225 2 move 19 30
225 3 move 37 32
225 4 pick 39 8
226 0 move 40 32
226 1 pick 39 11
226 2 move 19 31
226 3 move 37 31
226 4 pick 39 8
227 0 move 40 33
227 1 pick 39 11
227 2 move 19 32
227 3 move 37 30
227 4 move 40 9
228 0 move 40 34
228 1 pick 39 11
228 2 move 18 32
228 3 move 37 29
228 4 move 40 10
229 0 move 40 35
229 1 move 40 12
229 2 move 17 32
229 3 move 37 28
229 4 move 40 11
230 0 move 40 36
230 1 move 40 13
230 2 move 16 32
230 3 pick 38 28
230 4 pick 39 11
231 0 move 40 37
231 1 move 40 14
231 2 move 16 31
231 3 move 37 29
231 4 pick 39 11
232 0 move 40 38
232 1 move 40 15
232 2 move 16 30
232 3 move 37 30
232 4 pick 39 11
233 0 move 40 39
233 1 move 40 16
233 2 move 16 29
233 3 move 37 31
233 4 pick 39 11
234 0 fulfill 40 39
234 1 move 39 16
234 2 move 16 28
234 3 move 37 32
234 4 pick 39 11
235 0 move 39 39
235 1 move 38 16
235 2 move 16 27
235 3 move 38 32
235 4 pick 39 11
236 0 move 39 38
236 1 move 37 16
236 2 pick 17 27
236 3 move 38 33
236 4 move 40 12
237 0 move 39 37
237 1 move 36 16
237 2 move 16 28
237 3 move 39 33
237 4 move 40 13
238 0 move 39 36
238 1 move 35 16
238 2 move 16 29
238 3 move 40 33
238 4 move 40 14
239 0 move 39 35
239 1 move 34 16
239 2 pick 17 29
239 3 move 40 32
239 4 pick 39 14
240 0 pick 38 35
240 1 move 33 16
240 2 move 16 30
240 3 move 40 31
240 4 pick 39 14
241 0 move 40 35
241 1 move 33 15
241 2 move 16 31
241 3 move 40 30
241 4 move 40 15
242 0 move 40 34
242 1 move 33 14
242 2 move 16 32
242 3 move 40 29
242 4 move 40 16
243 0 move 40 33
243 1 pick 32 14
243 2 move 16 33
243 3 move 40 28
243 4 move 39 16
244 0 move 39 33
244 1 move 33 15
244 2 move 16 34
244 3 pick 39 28
244 4 move 38 16
245 0 pick 39 32
245 1 move 33 16
245 2 move 16 35
245 3 pick 39 28
245 4 move 37 16
246 0 move 40 33
246 1 move 32 16
246 2 move 16 36
246 3 pick 39 28
246 4 move 37 15
247 0 move 40 32
247 1 move 31 16
247 2 move 16 37
247 3 move 40 29
247 4 move 37 14
248 0 move 40 31
248 1 move 30 16
248 2 move 16 38
248 3 move 40 30
248 4 move 37 13
249 0 move 40 30
249 1 move 29 16
249 2 move 16 39
249 3 move 41 30
249 4 move 37 12
250 0 pick 39 30
250 1 move 28 16
250 2 fulfill 16 39
250 3 move 42 30
250 4 move 37 11
251 0 move 40 29
251 1 move 27 16
251 2 move 16 38
251 3 move 43 30
251 4 move 37 10
252 0 move 40 28
252 1 move 26 16
252 2 move 16 37
252 3 move 44 30
252 4 move 37 9
253 0 pick 39 28
253 1 move 26 15
253 2 move 16 36
253 3 move 44 31
253 4 move 37 8
254 0 pick 39 28
254 1 move 26 14
254 2 move 16 35
254 3 move 44 32
254 4 move 37 7
255 0 pick 39 28
255 1 move 26 13
255 2 move 16 34
255 3 move 45 32
255 4 pick 38 7
256 0 move 40 29
256 1 move 26 12
256 2 pick 17 34
256 3 move 46 32
256 4 move 37 6
257 0 move 40 30
257 1 move 26 11
257 2 move 16 33
257 3 move 47 32
257 4 move 37 5
258 0 move 40 31
258 1 pick 25 11
258 2 move 16 32
258 3 move 47 31
258 4 move 37 4
259 0 move 40 32
259 1 move 26 10
259 2 move 16 31
259 3 move 47 30
259 4 move 37 3
260 0 move 40 33
260 1 move 26 9
260 2 move 16 30
260 3 pick 46 30
260 4 move 37 2
261 0 move 40 34
261 1 move 26 8
261 2 move 16 29
261 3 move 47 31
261 4 move 37 1
262 0 move 40 35
262 1 move 26 7
262 2 move 16 28
262 3 move 47 32
262 4 move 37 0
263 0 move 40 36
263 1 move 26 6
263 2 pick 17 28
263 3 move 47 33
263 4 fulfill 37 0
264 0 move 40 37
264 1 move 26 5
264 2 move 16 29
264 3 move 47 34
264 4 move 37 1
265 0 move 40 38
265 1 move 26 4
265 2 move 16 30
265 3 move 47 35
265 4 move 37 2
266 0 move 40 39
266 1 move 26 3
266 2 move 16 31
266 3 move 47 36
266 4 move 37 3
267 0 fulfill 40 39
267 1 move 26 2
267 2 move 16 32
267 3 move 47 37
267 4 move 37 4
268 0 move 40 38
268 1 move 26 1
268 2 move 17 32
268 3 move 47 38
268 4 move 37 5
269 0 move 40 37
269 1 move 26 0
269 2 move 18 32
269 3 move 47 39
269 4 move 37 6
270 0 move 40 36
270 1 fulfill 26 0
270 2 move 19 32
270 3 fulfill 47 39
270 4 move 37 7
271 0 move 40 35
271 1 move 26 1
271 2 move 19 31
271 3 move 47 38
271 4 move 37 8
272 0 move 40 34
272 1 move 26 2
272 2 move 19 30
272 3 move 47 37
272 4 pick 38 8
273 0 move 40 33
273 1 move 26 3
273 2 move 19 29
273 3 move 47 36
273 4 move 37 9
274 0 move 40 32
274 1 move 26 4
274 2 move 19 28
274 3 move 47 35
274 4 move 37 10
275 0 move 40 31
275 1 move 26 5
275 2 move 19 27
275 3 move 47 34
275 4 pick 38 10
276 0 move 40 30
276 1 move 26 6
276 2 pick 18 27
276 3 move 47 33
276 4 move 37 11
277 0 move 40 29
277 1 move 26 7
277 2 pick 18 27
277 3 move 47 32
277 4 move 37 12
278 0 pick 39 29
278 1 move 26 8
278 2 pick 18 27
278 3 move 47 31
278 4 move 37 13
279 0 pick 39 29
279 1 pick 25 8
279 2 move 19 28
279 3 move 47 30
279 4 move 37 14
280 0 pick 39 29
280 1 pick 25 8
280 2 move 19 29
280 3 pick 46 30
280 4 move 37 15
281 0 move 40 28
281 1 pick 25 8
281 2 move 20 29
281 3 move 47 29
281 4 move 37 16
282 0 pick 39 28
282 1 pick 25 8
282 2 move 21 29
282 3 pick 46 29
282 4 move 38 16
283 0 pick 39 28
283 1 move 27 8
283 2 move 22 29
283 3 pick 46 29
283 4 move 39 16
284 0 move 40 29
284 1 move 28 8
284 2 move 23 29
284 3 move 47 28
284 4 move 40 16
285 0 move 40 30
285 1 move 29 8
285 2 pick 24 29
285 3 pick 46 28
285 4 move 40 15
286 0 move 40 31
286 1 move 30 8
286 2 move 23 30
286 3 move 47 29
286 4 move 40 14
287 0 move 40 32
287 1 pick 31 8
287 2 move 23 31
287 3 move 47 30
287 4 move 40 13
288 0 move 40 33
288 1 pick 31 8
288 2 move 23 32
288 3 move 47 31
288 4 move 40 12
289 0 move 39 33
289 1 move 30 9
289 2 move 23 33
289 3 move 47 32
289 4 move 40 11
290 0 move 38 33
290 1 move 30 10
290 2 move 23 34
290 3 move 46 32
290 4 pick 39 11
291 0 move 37 33
291 1 move 30 11
291 2 move 23 35
291 3 move 45 32
291 4 pick 39 11
292 0 move 37 32
292 1 move 30 12
292 2 move 23 36
292 3 move 44 32
292 4 pick 39 11
293 0 move 37 31
293 1 move 30 13
293 2 move 23 37
293 3 move 44 31
293 4 pick 39 11
294 0 move 37 30
294 1 move 30 14
294 2 move 23 38
294 3 move 44 30
294 4 pick 39 11
295 0 move 37 29
295 1 move 30 15
295 2 move 23 39
295 3 move 44 29
295 4 move 40 10
296 0 move 37 28
296 1 pick 31 15
296 2 fulfill 23 39
296 3 move 44 28
296 4 move 40 9
297 0 pick 38 28
297 1 move 29 15
297 2 move 23 38
297 3 pick 45 28
297 4 move 40 8
298 0 pick 38 28
298 1 move 28 15
298 2 move 23 37
298 3 move 43 28
298 4 pick 39 8
299 0 pick 38 28
299 1 move 27 15
299 2 move 23 36
299 3 move 42 28
299 4 move 40 7
300 0 move 37 29
300 1 move 26 15
300 2 move 23 35
300 3 move 41 28
300 4 move 40 6
301 0 move 37 30
301 1 move 26 16
301 2 move 23 34
301 3 move 40 28
301 4 move 40 5
302 0 pick 38 30
302 1 move 25 16
302 2 move 23 33
302 3 pick 39 28
302 4 move 40 4
303 0 move 37 29
303 1 move 24 16
303 2 move 23 32
303 3 pick 39 28
303 4 move 40 3
304 0 move 37 28
304 1 move 24 17
304 2 move 24 32
304 3 pick 39 28
304 4 move 40 2
305 0 move 37 27
305 1 move 24 18
305 2 move 25 32
305 3 move 40 29
305 4 move 40 1
306 0 move 37 26
306 1 move 24 19
306 2 pick 25 31
306 3 pick 39 29
306 4 move 40 0
307 0 move 37 25
307 1 move 24 20
307 2 pick 25 31
307 3 pick 39 29
307 4 fulfill 40 0
308 0 pick 38 25
308 1 move 24 21
308 2 move 26 32
308 3 pick 39 29
308 4 move 40 1
309 0 move 37 26
309 1 pick 24 22
309 2 move 26 31
309 3 pick 39 29
309 4 move 40 2
310 0 move 37 27
310 1 move 23 21
310 2 move 26 30
310 3 pick 39 29
310 4 move 40 3
311 0 move 37 28
311 1 move 23 22
311 2 move 26 29
311 3 move 40 30
311 4 move 40 4
312 0 move 37 29
312 1 move 23 23
312 2 move 26 28
312 3 pick 39 30
312 4 move 40 5
313 0 move 37 30
313 1 move 23 24
313 2 pick 25 28
313 3 move 40 31
313 4 pick 39 5
314 0 move 37 31
314 1 move 23 25
314 2 move 26 27
314 3 move 40 32
314 4 move 40 6
315 0 move 37 32
315 1 move 23 26
315 2 move 26 26
315 3 move 40 33
315 4 move 40 7
316 0 move 37 33
316 1 move 23 27
316 2 pick 25 26
316 3 move 40 34
316 4 move 40 8
317 0 move 37 34
317 1 move 23 28
317 2 move 26 25
317 3 move 40 35
317 4 move 40 9
318 0 move 37 35
318 1 move 23 29
318 2 move 26 24
318 3 move 40 36
318 4 move 40 10
319 0 move 37 36
319 1 move 23 30
319 2 move 27 24
319 3 move 40 37
319 4 move 40 11
320 0 move 37 37
320 1 move 23 31
320 2 move 28 24
320 3 move 40 38
320 4 pick 39 11
321 0 move 37 38
321 1 move 23 32
321 2 move 29 24
321 3 move 40 39
321 4 pick 39 11
322 0 move 37 39
322 1 move 23 33
322 2 move 30 24
322 3 fulfill 40 39
322 4 pick 39 11
323 0 fulfill 37 39
323 1 move 23 34
323 2 pick 31 24
323 3 move 40 38
323 4 pick 39 11
324 0 move 37 38
324 1 move 23 35
324 2 pick 31 24
324 3 move 40 37
324 4 move 40 12
325 0 move 37 37
325 1 move 23 36
325 2 move 30 25
325 3 move 40 36
325 4 move 40 13
326 0 move 37 36
326 1 move 23 37
326 2 move 30 26
326 3 move 40 35
326 4 move 40 14
327 0 move 37 35
327 1 move 23 38
327 2 move 30 27
327 3 move 40 34
327 4 move 40 15
328 0 move 37 34
328 1 move 23 39
328 2 move 30 28
328 3 pick 39 34
328 4 move 40 16
329 0 move 37 33
329 1 move 24 39
329 2 move 30 29
329 3 move 40 33
329 4 move 39 16
330 0 move 37 32
330 1 fulfill 24 39
330 2 move 30 30
330 3 move 39 33
330 4 move 38 16
331 0 move 37 31
331 1 move 24 38
331 2 move 30 31
331 3 move 38 33
331 4 move 37 16
332 0 pick 38 31
332 1 move 24 37
332 2 move 30 32
332 3 move 38 32
332 4 move 37 15
333 0 move 37 30
333 1 move 24 36
333 2 move 30 33
333 3 pick 38 31
333 4 move 37 14
334 0 move 37 29
334 1 move 24 35
334 2 move 30 34
334 3 move 38 33
334 4 move 37 13
335 0 move 37 28
335 1 move 24 34
335 2 move 30 35
335 3 move 39 33
335 4 move 37 12
336 0 pick 38 28
336 1 move 24 33
336 2 move 30 36
336 3 move 40 33
336 4 move 37 11
337 0 pick 38 28
337 1 move 24 32
337 2 move 30 37
337 3 move 40 32
337 4 move 37 10
338 0 pick 38 28
338 1 move 25 32
338 2 move 30 38
338 3 move 40 31
338 4 move 37 9
339 0 move 37 29
339 1 pick 25 31
339 2 move 30 39
339 3 move 40 30
339 4 pick 38 9
340 0 move 37 30
340 1 pick 25 31
340 2 fulfill 30 39
340 3 move 40 29
340 4 move 37 8
341 0 move 37 31
341 1 pick 25 31
341 2 move 30 38
341 3 pick 39 29
341 4 move 37 7
342 0 move 37 32
342 1 pick 25 31
342 2 move 30 37
342 3 pick 39 29
342 4 move 37 6
343 0 move 38 32
343 1 pick 25 31
343 2 move 30 36
343 3 move 40 28
343 4 move 37 5
344 0 move 38 33
344 1 move 26 32
344 2 move 30 35
344 3 pick 39 28
344 4 move 37 4
345 0 move 39 33
345 1 move 26 31
345 2 move 30 34
345 3 pick 39 28
345 4 move 37 3
346 0 move 40 33
346 1 move 26 30
346 2 move 30 33
346 3 pick 39 28
346 4 move 37 2
347 0 move 40 32
347 1 move 26 29
347 2 move 30 32
347 3 move 40 27
347 4 move 37 1
348 0 move 40 31
348 1 move 26 28
348 2 move 31 32
348 3 pick 39 27
348 4 move 37 0
349 0 move 40 30
349 1 pick 25 28
349 2 move 32 32
349 3 move 40 28
349 4 fulfill 37 0
350 0 move 40 29
350 1 move 26 27
350 2 move 33 32
350 4 move 37 1
351 0 move 40 28
351 1 move 26 26
351 2 move 33 31
351 3 move 40 29
351 4 move 37 2
352 0 pick 39 28
352 1 pick 25 26
352 2 move 33 30
352 3 move 40 30
352 4 move 37 3
353 0 pick 39 28
353 1 move 26 25
353 2 pick 32 30
353 3 move 40 31
353 4 move 37 4
354 0 pick 39 28
354 1 move 26 24
354 2 move 33 29
354 3 move 40 32
354 4 move 37 5
355 0 pick 39 28
355 1 pick 25 24
355 2 move 33 28
355 3 move 40 33
355 4 move 38 5
356 0 pick 39 28
356 1 move 27 24
356 2 pick 32 28
356 3 move 40 34
356 4 pick 39 5
357 0 pick 39 28
357 1 move 28 24
357 2 move 33 27
357 3 move 40 35
357 4 move 37 5
358 0 move 40 29
358 1 move 29 24
358 2 pick 32 27
358 3 move 40 36
358 4 move 37 4
359 0 pick 39 29
359 1 move 30 24
359 2 pick 32 27
359 3 move 40 37
359 4 move 37 3
360 0 move 40 28
360 1 pick 31 24
360 2 pick 32 27
360 3 move 40 38
360 4 move 37 2
361 0 move 40 27
361 1 pick 31 24
361 2 move 33 28
361 3 move 40 39
361 4 move 37 1
362 0 move 40 26
362 1 pick 31 24
362 2 move 33 29
362 3 fulfill 40 39
362 4 move 37 0
363 0 move 40 25
363 1 move 30 23
363 2 move 33 30
363 3 move 40 38
363 4 move 38 0
364 0 move 40 24
364 1 move 30 22
364 2 move 33 31
364 3 move 40 37
364 4 move 39 0
365 0 move 40 23
365 1 move 30 21
365 2 move 33 32
365 3 move 40 36
365 4 move 39 1
366 0 move 40 22
366 1 move 30 20
366 2 move 32 32
366 3 move 40 35
366 4 move 40 1
367 0 move 40 21
367 1 move 30 19
367 2 move 31 32
367 3 move 40 34
367 4 move 40 2
368 0 move 39 21
368 1 move 30 18
368 2 move 30 32
368 3 move 40 33
368 4 move 40 3
369 0 move 38 21
369 1 move 30 17
369 2 move 30 31
369 3 move 40 32
369 4 move 40 4
370 0 move 37 21
370 1 move 30 16
370 2 move 30 30
370 3 pick 39 32
370 4 move 40 5
371 0 move 37 22
371 1 move 31 16
371 2 move 30 29
371 3 move 40 31
371 4 move 40 6
372 0 move 37 23
372 1 move 32 16
372 2 move 30 28
372 3 move 40 30
372 4 move 40 7
373 0 move 37 24
373 1 move 33 16
373 2 move 30 27
373 3 move 40 29
373 4 move 40 8
374 0 move 37 25
374 1 move 33 15
374 2 pick 31 27
374 3 pick 39 29
374 4 pick 39 8
375 0 pick 38 25
375 1 move 33 14
375 2 move 29 27
375 3 move 40 28
375 4 pick 39 8
376 0 move 37 26
376 1 pick 32 14
376 2 move 28 27
376 3 pick 39 28
376 4 pick 39 8
377 0 move 37 27
377 1 move 33 13
377 2 move 27 27
377 3 pick 39 28
377 4 pick 39 8
378 0 move 37 28
378 1 move 33 12
378 2 move 26 27
378 3 pick 39 28
378 4 pick 39 8
379 0 move 37 29
379 1 move 33 11
379 2 move 26 26
379 3 pick 39 28
379 4 pick 39 8
380 0 move 37 30
380 1 move 33 10
380 2 move 26 25
380 3 pick 39 28
380 4 move 40 9
381 0 move 37 31
381 1 move 33 9
381 2 pick 25 25
381 3 move 40 27
381 4 pick 39 9
382 0 move 37 32
382 1 move 33 8
382 2 move 26 26
382 3 pick 39 27
382 4 move 40 10
383 0 move 37 33
383 1 move 33 7
383 2 move 26 27
383 3 move 40 26
383 4 pick 39 10
384 0 move 37 34
384 1 move 33 6
384 2 move 26 28
384 3 pick 39 26
384 4 move 40 11
385 0 move 37 35
385 1 move 33 5
385 2 move 26 29
385 3 move 40 27
385 4 pick 39 11
386 0 move 37 36
386 1 move 33 4
386 2 move 26 30
386 3 move 40 28
386 4 pick 39 11
387 0 move 37 37
387 1 move 33 3
387 2 move 26 31
387 3 move 40 29
387 4 move 40 12
388 0 move 37 38
388 1 move 33 2
388 2 move 26 32
388 3 move 40 30
388 4 move 40 13
389 0 move 37 39
389 1 move 33 1
389 2 move 26 33
389 3 move 40 31
389 4 move 40 14
390 0 fulfill 37 39
390 1 move 33 0
390 2 move 26 34
390 3 move 40 32
390 4 move 40 15
391 0 move 37 38
391 1 fulfill 33 0
391 2 move 26 35
391 3 move 40 33
391 4 move 40 16
392 0 move 37 37
392 1 move 33 1
392 2 move 26 36
392 3 move 40 34
392 4 move 39 16
393 0 move 37 36
393 1 move 33 2
393 2 move 26 37
393 3 move 40 35
393 4 move 38 16
394 0 move 37 35
394 1 move 33 3
394 2 move 26 38
394 3 move 40 36
394 4 move 37 16
395 0 move 37 34
395 1 move 33 4
395 2 move 26 39
395 3 move 40 37
395 4 move 37 15
396 0 move 37 33
396 1 move 33 5
396 2 fulfill 26 39
396 3 move 40 38
396 4 move 37 14
397 0 move 38 33
397 1 move 33 6
397 2 move 26 38
397 3 move 40 39
397 4 move 37 13
398 0 move 39 33
398 1 move 33 7
398 2 move 26 37
398 3 fulfill 40 39
398 4 move 37 12
399 0 move 40 33
399 1 move 33 8
399 2 move 26 36
399 3 move 40 38
399 4 move 37 11
400 0 move 40 32
400 1 move 33 9
400 2 move 26 35
400 3 move 40 37
400 4 move 37 10
401 0 move 40 31
401 1 pick 32 9
401 2 move 26 34
401 3 move 40 36
401 4 pick 38 10
402 0 move 40 30
402 1 pick 32 9
402 2 move 26 33
402 3 move 40 35
402 4 move 37 9
403 0 move 40 29
403 1 move 34 9
403 2 move 26 32
403 3 move 40 34
403 4 move 37 8
404 0 pick 39 29
404 1 move 35 9
404 2 move 26 31
404 3 move 40 33
404 4 move 37 7
405 0 pick 39 29
405 1 move 36 9
405 2 pick 25 31
405 3 move 39 33
405 4 move 37 6
406 0 move 40 28
406 1 move 37 9
406 2 pick 25 31
406 3 move 38 33
406 4 move 37 5
407 0 pick 39 28
407 1 pick 38 9
407 2 move 26 30
407 3 move 38 32
407 4 move 37 4
408 0 move 40 29
408 1 move 37 10
408 2 move 26 29
408 3 pick 38 31
408 4 move 37 3
409 0 move 40 30
409 1 move 37 11
409 2 pick 25 29
409 3 move 38 33
409 4 move 37 2
410 0 move 41 30
410 1 move 37 12
410 2 move 26 28
410 3 move 39 33
410 4 move 37 1
411 0 move 42 30
411 1 move 37 13
411 2 move 26 27
411 3 move 40 33
411 4 move 37 0
412 0 move 43 30
412 1 move 37 14
412 2 move 26 26
412 3 move 40 32
412 4 fulfill 37 0
413 0 move 44 30
413 1 move 37 15
413 2 pick 25 26
413 3 move 40 31
413 4 move 37 1
414 0 pick 45 30
414 1 move 37 16
414 2 move 26 25
414 3 move 40 30
414 4 move 37 2
415 0 move 43 30
415 1 move 38 16
415 2 move 26 24
415 3 move 40 29
415 4 move 37 3
416 0 move 42 30
416 1 move 39 16
416 2 pick 25 24
416 3 pick 39 29
416 4 move 37 4
417 0 move 41 30
417 1 move 40 16
417 2 move 27 24
417 3 pick 39 29
417 4 move 38 4
418 0 move 40 30
418 1 move 40 15
418 2 move 28 24
418 3 pick 39 29
418 4 pick 39 4
419 0 move 40 31
419 1 move 40 14
419 2 move 29 24
419 3 move 40 28
419 4 move 38 5
420 0 move 40 32
420 1 move 40 13
420 2 move 30 24
420 3 pick 39 28
420 4 pick 38 6
421 0 move 40 33
421 1 move 40 12
421 2 pick 31 24
421 3 pick 39 28
421 4 pick 38 6
422 0 move 39 33
422 1 move 40 11
422 2 pick 31 24
422 3 pick 39 28
422 4 move 37 5
423 0 move 38 33
423 1 move 40 10
423 2 move 30 23
423 3 move 40 27
423 4 move 37 4
424 0 move 37 33
424 1 move 40 9
424 2 move 30 22
424 3 pick 39 27
424 4 move 37 3
425 0 move 37 32
425 1 pick 39 9
425 2 move 30 21
425 3 move 40 26
425 4 move 37 2
426 0 move 37 31
426 1 move 40 10
426 2 move 31 21
426 3 pick 39 26
426 4 move 37 1
427 0 move 37 30
427 1 move 40 11
427 2 move 32 21
427 3 move 40 25
427 4 move 37 0
428 0 move 37 29
428 1 pick 39 11
428 2 move 33 21
428 3 move 40 24
428 4 move 38 0
429 0 move 37 28
429 1 pick 39 11
429 2 move 33 22
429 3 pick 39 24
429 4 move 39 0
430 0 move 37 27
430 1 move 40 12
430 2 move 33 23
430 3 move 40 25
430 4 move 39 1
431 0 move 37 26
431 1 move 40 13
431 2 move 33 24
431 3 move 40 26
431 4 move 40 1
432 0 move 37 25
432 1 pick 39 13
432 2 move 33 25
432 3 move 40 27
432 4 move 40 2
433 0 pick 38 25
433 1 pick 39 13
433 2 move 33 26
433 3 move 40 28
433 4 move 40 3
434 0 move 37 26
434 1 move 40 12
434 2 pick 32 26
434 3 move 40 29
434 4 move 40 4
435 0 move 37 27
435 1 move 40 11
435 2 move 33 27
435 3 move 40 30
435 4 move 40 5
436 0 move 37 28
436 1 move 40 10
436 2 move 33 28
436 3 move 40 31
436 4 move 40 6
437 0 move 37 29
437 1 move 40 9
437 2 move 33 29
437 3 move 40 32
437 4 move 40 7
438 0 move 37 30
438 1 move 40 8
438 2 move 33 30
438 3 move 40 33
439 0 move 37 31
439 1 move 40 7
439 2 move 33 31
439 3 move 40 34
439 4 move 40 8
440 0 move 37 32
440 1 move 40 6
440 2 move 33 32
440 3 move 40 35
440 4 pick 39 8
441 0 move 37 33
441 1 move 40 5
441 2 move 33 33
441 3 move 40 36
441 4 pick 39 8
442 0 move 37 34
442 1 move 40 4
442 2 move 33 34
442 3 move 40 37
442 4 move 40 9
443 0 move 37 35
443 1 move 40 3
443 2 move 33 35
443 3 move 40 38
443 4 move 40 10
444 0 move 37 36
444 1 move 40 2
444 2 move 33 36
444 3 move 40 39
444 4 pick 39 10
445 0 move 37 37
445 1 move 40 1
445 2 move 33 37
445 3 fulfill 40 39
445 4 move 40 11
446 0 move 37 38
446 1 move 40 0
446 2 move 33 38
446 3 move 40 38
446 4 pick 39 11
447 0 move 37 39
447 1 fulfill 40 0
447 2 move 33 39
447 3 move 40 37
447 4 pick 39 11
448 0 fulfill 37 39
448 1 move 40 1
448 2 fulfill 33 39
448 3 move 40 36
448 4 pick 39 11
449 0 move 37 38
449 1 move 40 2
449 2 move 33 38
449 3 move 40 35
449 4 pick 39 11
450 0 move 37 37
450 1 move 40 3
450 2 move 33 37
450 3 move 40 34
450 4 move 40 12
451 0 move 37 36
451 1 move 40 4
451 2 move 33 36
451 3 move 40 33
451 4 move 40 13
452 0 move 37 35
452 1 pick 39 4
452 2 move 33 35
452 3 move 40 32
452 4 move 40 14
453 0 pick 38 35
453 1 move 40 5
453 2 move 33 34
453 3 move 40 31
453 4 move 40 15
454 0 move 37 34
454 1 pick 39 5
454 2 move 33 33
454 3 move 40 30
454 4 move 40 16
455 0 move 37 33
455 1 pick 39 5
455 2 move 33 32
455 3 pick 39 30
455 4 move 39 16
456 0 move 37 32
456 1 move 40 6
456 2 move 33 31
456 3 move 40 29
456 4 move 38 16
457 0 move 37 31
457 1 move 40 7
457 2 move 33 30
457 3 pick 39 29
457 4 move 37 16
458 0 move 37 30
458 1 pick 39 7
458 2 move 33 29
458 3 pick 39 29
458 4 move 37 15
459 0 move 37 29
459 1 move 40 8
459 2 move 33 28
459 3 pick 39 29
459 4 move 37 14
460 0 pick 38 29
460 1 pick 39 8
460 2 move 33 27
460 3 pick 39 29
460 4 move 37 13
461 0 pick 38 29
461 1 move 40 9
461 2 pick 32 27
461 3 pick 39 29
461 4 move 37 12
462 0 move 37 28
462 1 move 40 10
462 2 pick 32 27
462 3 pick 39 29
462 4 move 37 11
463 0 pick 38 28
463 1 move 40 11
463 2 pick 32 27
463 3 pick 39 29
463 4 move 37 10
464 0 move 37 29
464 1 pick 39 11
464 2 pick 32 27
464 3 move 40 28
464 4 move 37 9
465 0 move 37 30
465 1 pick 39 11
465 2 move 33 28
465 3 pick 39 28
465 4 pick 38 9
466 0 move 37 31
466 1 pick 39 11
466 2 move 33 29
466 3 move 40 27
466 4 pick 38 9
467 0 move 37 32
467 1 move 40 10
467 2 move 33 30
467 3 move 40 26
467 4 move 37 8
468 0 move 38 32
468 1 move 40 9
468 2 move 33 31
468 3 pick 39 26
468 4 move 37 7
469 0 move 38 33
469 1 move 40 8
469 2 move 33 32
469 3 move 40 25
469 4 move 37 6
470 0 move 39 33
470 1 move 40 7
470 2 move 32 32
470 3 move 40 24
470 4 move 37 5
471 0 move 40 33
471 1 move 40 6
471 2 move 31 32
471 3 pick 39 24
471 4 move 37 4
472 0 move 40 32
472 1 move 40 5
472 2 move 30 32
472 3 move 40 23
472 4 move 37 3
473 0 move 40 31
473 1 move 40 4
473 2 move 30 31
473 3 move 40 22
473 4 move 37 2
474 0 move 40 30
474 1 move 40 3
474 2 move 30 30
474 3 move 40 21
474 4 move 37 1
475 0 move 40 29
475 1 move 40 2
475 2 move 30 29
475 3 move 39 21
475 4 move 37 0
476 0 move 40 28
476 1 move 40 1
476 2 move 30 28
476 3 move 38 21
476 4 fulfill 37 0
477 0 pick 39 28
477 1 move 40 0
477 2 move 30 27
477 3 move 37 21
477 4 move 37 1
478 0 pick 39 28
478 1 fulfill 40 0
478 2 pick 31 27
478 3 move 37 22
478 4 move 37 2
479 0 move 40 29
479 1 move 40 1
479 2 move 30 28
479 3 move 37 23
479 4 move 38 2
480 0 pick 39 29
480 1 move 40 2
480 2 move 30 29
480 3 move 37 24
480 4 pick 39 2
481 0 pick 39 29
481 1 move 40 3
481 2 pick 31 29
481 3 move 37 25
481 4 move 37 2
482 0 pick 39 29
482 1 move 39 3
482 2 move 29 29
482 3 pick 38 25
482 4 move 37 3
483 0 pick 39 29
483 1 pick 38 3
483 2 move 28 29
483 3 pick 38 25
483 4 move 37 4
484 0 move 40 28
484 1 move 40 3
484 2 move 27 29
484 3 move 36 25
484 4 move 37 5
485 0 move 40 27
485 1 move 40 4
485 2 move 26 29
485 3 move 35 25
485 4 move 38 5
486 0 move 40 26
486 1 move 40 5
486 2 move 26 30
486 3 move 34 25
486 4 pick 39 5
487 0 move 40 25
487 1 move 40 6
487 2 pick 25 30
487 3 move 33 25
487 4 move 37 5
488 0 move 40 24
488 1 move 40 7
488 2 pick 25 30
488 3 move 33 24
488 4 move 37 4
489 0 move 40 23
489 1 move 40 8
489 2 move 26 31
489 3 move 33 23
489 4 move 37 3
490 0 move 40 22
490 1 move 40 9
490 2 move 26 32
490 3 move 33 22
490 4 move 37 2
491 0 move 40 21
491 1 move 40 10
491 2 move 25 32
491 3 move 33 21
491 4 move 37 1
492 0 move 39 21
492 1 move 40 11
492 2 move 24 32
492 3 move 32 21
492 4 move 37 0
493 0 move 38 21
493 1 pick 39 11
493 2 move 23 32
493 3 move 31 21
493 4 move 38 0
494 0 move 37 21
494 1 pick 39 11
494 2 move 22 32
494 3 move 30 21
494 4 move 39 0
495 0 move 37 22
495 1 pick 39 11
495 2 move 21 32
495 3 move 30 22
495 4 move 39 1
496 0 move 37 23
496 1 pick 39 11
496 2 move 20 32
496 3 move 30 23
496 4 move 40 1
497 0 move 37 24
497 1 pick 39 11
497 2 move 19 32
497 3 pick 31 23
497 4 move 40 2
498 0 move 37 25
498 1 move 40 10
498 2 move 18 32
498 3 move 30 24
498 4 move 40 3
499 0 pick 38 25
499 1 move 40 9
499 2 move 18 33
499 3 move 30 25
499 4 move 40 4
500 0 pick 38 25
500 1 move 40 8
500 2 pick 17 33
500 3 move 30 26
500 4 move 40 5
501 0 pick 38 25
501 1 move 40 7
501 2 move 19 33
501 3 move 30 27
501 4 move 40 6
502 0 move 37 26
502 1 move 40 6
502 2 move 19 34
502 3 move 30 28
502 4 move 40 7
503 0 move 37 27
503 1 move 40 5
503 2 move 19 35
503 3 move 30 29
503 4 move 40 8
504 0 move 37 28
504 1 move 40 4
504 2 move 18 35
504 3 move 30 30
504 4 move 40 9
505 0 move 37 29
505 1 move 40 3
505 2 move 18 36
505 3 move 30 31
505 4 move 40 10
506 0 move 37 30
506 1 move 40 2
506 2 move 18 37
506 3 move 30 32
506 4 move 40 11
507 0 move 37 31
507 1 move 40 1
507 2 move 18 38
507 3 move 30 33
507 4 pick 39 11
508 0 move 37 32
508 1 move 40 0
508 2 move 18 39
508 3 move 30 34
508 4 pick 39 11
509 0 move 37 33
509 1 fulfill 40 0
509 2 fulfill 18 39
509 3 move 30 35
509 4 pick 39 11
510 0 move 37 34
510 1 move 40 1
510 2 move 17 39
510 3 move 30 36
510 4 move 40 12
511 0 move 37 35
511 1 move 40 2
511 2 move 16 39
511 3 move 30 37
511 4 move 40 13
512 0 move 37 36
512 1 move 40 3
512 2 move 16 38
512 3 move 30 38
512 4 move 40 14
513 0 move 37 37
513 1 move 39 3
513 2 move 16 37
513 3 move 30 39
513 4 move 40 15
514 0 move 37 38
514 1 pick 38 3
514 2 move 16 36
514 3 fulfill 30 39
514 4 move 40 16
515 0 move 37 39
515 1 move 40 3
515 2 move 16 35
515 3 move 30 38
515 4 move 39 16
516 0 fulfill 37 39
516 1 move 40 2
516 2 move 16 34
516 3 move 30 37
516 4 move 38 16
517 0 move 37 38
517 1 move 40 1
517 2 move 16 33
517 3 move 30 36
517 4 move 37 16
518 0 move 37 37
518 1 move 39 1
518 2 move 16 32
518 3 move 30 35
518 4 move 37 15
519 0 move 37 36
519 1 move 39 0
519 2 move 16 31
519 3 move 30 34
519 4 move 37 14
520 0 move 37 35
520 1 move 38 0
520 2 move 16 30
520 3 move 30 33
520 4 move 37 13
521 0 move 37 34
521 1 move 37 0
521 2 move 16 29
521 3 move 30 32
521 4 move 37 12
522 0 move 37 33
522 1 move 37 1
522 2 pick 17 29
522 3 move 31 32
522 4 pick 38 12
523 0 move 37 32
523 1 move 37 2
523 2 move 16 30
523 3 move 32 32
523 4 move 37 11
524 0 move 37 31
524 1 move 37 3
524 2 move 16 31
524 3 move 33 32
524 4 move 37 10
525 0 pick 38 31
525 1 move 37 4
525 2 move 16 32
525 3 move 33 31
525 4 move 37 9
526 0 move 37 32
526 1 move 37 5
526 2 move 17 32
526 3 move 33 30
526 4 move 37 8
527 0 move 38 32
527 1 move 38 5
527 2 move 18 32
527 3 pick 32 30
527 4 move 37 7
528 0 move 38 33
528 1 pick 38 6
528 2 move 19 32
528 3 move 33 29
528 4 move 37 6
529 0 move 39 33
529 2 move 19 31
529 3 move 33 28
529 4 move 37 5
530 0 move 40 33
530 1 move 37 5
530 2 move 19 30
530 3 move 33 27
530 4 move 37 4
531 0 move 40 32
531 1 move 37 6
531 2 move 19 29
531 3 pick 32 27
531 4 move 37 3
532 0 move 40 31
532 1 move 37 7
532 2 move 19 28
532 3 pick 32 27
532 4 move 37 2
533 0 move 40 30
533 1 move 37 8
533 2 move 19 27
533 3 pick 32 27
533 4 move 37 1
534 0 move 40 29
534 1 move 37 9
534 2 pick 18 27
534 3 move 33 28
534 4 move 37 0
535 0 pick 39 29
535 1 pick 38 9
535 2 pick 18 27
535 3 move 33 29
535 4 fulfill 37 0
536 0 move 40 28
536 1 move 37 10
536 2 move 19 26
536 3 move 33 30
536 4 move 37 1
537 0 pick 39 28
537 1 move 37 11
537 2 pick 18 26
537 3 move 33 31
537 4 move 37 2
538 0 pick 39 28
538 1 move 37 12
538 2 move 19 25
538 3 move 33 32
538 4 move 37 3
539 0 pick 39 28
539 1 move 37 13
539 2 pick 18 25
539 3 move 32 32
539 4 move 37 4
540 0 pick 39 28
540 1 move 37 14
540 2 move 20 25
540 3 move 31 32
540 4 move 37 5
541 0 move 40 29
541 1 move 37 15
541 2 move 21 25
541 3 move 30 32
541 4 move 37 6
542 0 move 40 30
542 1 move 37 16
542 2 move 22 25
542 3 move 30 31
542 4 move 37 7
543 0 move 40 31
543 1 move 38 16
543 2 move 23 25
543 3 move 30 30
543 4 move 37 8
544 0 move 40 32
544 1 move 39 16
544 2 move 23 24
544 3 move 30 29
544 4 move 37 9
545 0 move 40 33
545 1 move 40 16
545 2 move 23 23
545 3 move 30 28
545 4 pick 38 9
546 0 move 39 33
546 1 move 40 15
546 2 move 23 22
546 3 move 30 27
546 4 move 37 10
547 0 move 38 33
547 1 move 40 14
547 2 move 23 21
547 3 pick 31 27
547 4 pick 38 10
548 0 move 37 33
548 1 move 40 13
548 2 move 24 21
548 3 move 30 26
548 4 move 37 11
549 0 move 36 33
549 1 move 40 12
549 2 move 25 21
549 3 move 30 25
549 4 move 37 12
550 0 move 35 33
550 1 move 40 11
550 2 move 26 21
550 3 move 30 24
550 4 move 37 13
551 0 move 34 33
551 1 pick 39 11
551 2 move 26 22
551 3 move 30 23
551 4 move 37 14
552 0 move 33 33
552 1 pick 39 11
552 2 move 26 23
552 3 move 30 22
552 4 move 37 15
553 0 move 32 33
553 1 pick 39 11
553 2 move 26 24
553 3 move 30 21
553 4 move 37 16
554 0 move 31 33
554 1 move 40 10
554 2 move 26 25
554 3 move 30 20
554 4 move 38 16
555 0 move 30 33
555 1 move 40 9
555 2 move 26 26
555 3 move 30 19
555 4 move 39 16
556 0 move 30 32
556 1 move 40 8
556 2 move 26 27
556 3 move 30 18
556 4 move 40 16
557 0 move 30 31
557 1 move 40 7
557 2 pick 25 27
557 3 move 30 17
557 4 move 40 15
558 0 move 30 30
558 1 move 40 6
558 2 move 26 26
558 3 move 30 16
558 4 move 40 14
559 0 move 30 29
559 1 move 40 5
559 2 move 26 25
559 3 move 30 15
559 4 move 40 13
560 0 pick 31 29
560 1 move 40 4
560 2 move 26 24
560 3 move 30 14
560 4 move 40 12
561 0 move 30 30
561 1 move 40 3
561 2 move 26 23
561 3 move 30 13
561 4 move 40 11
562 0 move 30 31
562 1 move 40 2
562 2 move 26 22
562 3 pick 31 13
562 4 pick 39 11
563 0 move 30 32
563 1 move 40 1
563 2 pick 25 22
563 3 move 30 12
563 4 pick 39 11
564 0 move 30 33
564 1 move 40 0
564 2 move 26 23
564 3 move 30 11
564 4 pick 39 11
565 0 move 30 34
565 1 fulfill 40 0
565 2 move 26 24
565 3 move 30 10
565 4 move 40 12
566 0 move 30 35
566 1 move 40 1
566 2 move 26 25
566 3 move 30 9
566 4 pick 39 12
567 0 move 30 36
567 1 move 40 2
567 2 move 26 26
567 3 move 30 8
567 4 move 40 13
568 0 move 30 37
568 1 move 40 3
568 2 move 26 27
568 3 move 30 7
568 4 move 40 14
569 0 move 30 38
569 1 move 40 4
569 2 move 26 28
569 3 move 30 6
569 4 move 40 15
570 0 move 30 39
570 1 move 40 5
570 2 move 26 29
570 3 move 30 5
570 4 move 40 16
571 0 fulfill 30 39
571 1 move 40 6
571 2 move 26 30
571 3 move 30 4
571 4 move 39 16
572 0 move 30 38
572 1 move 40 7
572 2 move 26 31
572 3 move 30 3
572 4 move 38 16
573 0 move 30 37
573 1 move 40 8
573 2 move 26 32
573 3 move 30 2
573 4 move 37 16
574 0 move 30 36
574 1 pick 39 8
574 2 move 26 33
574 3 move 30 1
574 4 move 36 16
575 0 move 30 35
575 1 pick 39 8
575 2 move 26 34
575 3 move 30 0
575 4 move 35 16
576 0 move 30 34
576 1 move 40 9
576 2 move 26 35
576 3 fulfill 30 0
576 4 move 34 16
577 0 move 30 33
577 1 move 40 10
577 2 move 26 36
577 3 move 30 1
577 4 move 33 16
578 0 move 30 32
578 1 pick 39 10
578 2 move 26 37
578 3 move 30 2
578 4 move 33 15
579 0 move 30 31
579 1 move 40 11
579 2 move 26 38
579 3 move 30 3
579 4 move 33 14
580 0 pick 31 31
580 1 pick 39 11
580 2 move 26 39
580 3 move 30 4
580 4 pick 32 14
581 0 move 30 32
581 1 pick 39 11
581 2 fulfill 26 39
581 3 move 30 5
581 4 move 33 13
582 0 move 31 32
582 1 pick 39 11
582 2 move 26 38
582 3 move 30 6
582 4 move 33 12
583 0 move 32 32
583 1 move 40 12
583 2 move 26 37
583 3 move 30 7
583 4 move 33 11
584 0 move 33 32
584 1 move 40 13
584 2 move 26 36
584 3 move 30 8
584 4 move 33 10
585 0 move 33 31
585 1 move 40 14
585 2 move 26 35
585 3 pick 31 8
585 4 move 33 9
586 0 move 33 30
586 1 move 40 15
586 2 move 26 34
586 3 pick 31 8
586 4 move 33 8
587 0 pick 32 30
587 1 move 40 16
587 2 move 26 33
587 3 move 29 8
587 4 move 33 7
588 0 move 33 29
588 1 move 39 16
588 2 move 26 32
588 3 move 28 8
588 4 move 33 6
589 0 move 33 28
589 1 move 38 16
589 2 move 26 31
589 3 move 27 8
589 4 move 33 5
590 0 move 33 27
590 1 move 37 16
590 2 pick 25 31
590 3 move 26 8
590 4 move 33 4
591 0 pick 32 27
591 1 move 37 15
591 2 pick 25 31
591 3 pick 25 8
591 4 move 33 3
592 0 pick 32 27
592 1 move 37 14
592 2 move 26 30
592 3 pick 25 8
592 4 move 33 2
593 0 move 34 27
593 1 move 37 13
593 2 move 26 29
593 3 pick 25 8
593 4 move 33 1
594 0 move 35 27
594 1 move 37 12
594 2 pick 25 29
594 3 move 26 9
594 4 move 33 0
595 0 move 36 27
595 1 move 37 11
595 2 move 26 28
595 3 move 26 10
595 4 fulfill 33 0
596 0 move 37 27
596 1 move 37 10
596 2 pick 25 28
596 3 move 26 11
596 4 move 33 1
597 0 pick 38 27
597 1 move 37 9
597 2 move 26 27
597 3 move 26 12
597 4 move 33 2
598 0 move 37 28
598 1 pick 38 9
598 2 move 26 26
598 3 move 26 13
598 4 move 33 3
599 0 move 37 29
599 1 pick 38 9
599 2 move 26 25
599 3 move 26 14
599 4 move 33 4
600 0 move 37 30
600 1 move 36 9
600 2 move 26 24
600 3 move 26 15
600 4 move 33 5
601 0 move 37 31
601 1 move 35 9
601 2 pick 25 24
601 3 move 27 15
601 4 move 33 6
602 0 move 37 32
602 1 move 34 9
602 2 move 27 24
602 3 move 28 15
602 4 move 33 7
603 0 move 38 32
603 1 move 33 9
603 2 move 28 24
603 3 move 29 15
603 4 move 33 8
604 0 move 38 33
604 1 move 33 8
604 2 move 29 24
604 3 move 30 15
604 4 move 33 9
605 0 move 39 33
605 1 move 33 7
605 2 move 30 24
605 3 pick 31 15
605 4 pick 32 9
606 0 move 40 33
606 1 move 33 6
606 2 pick 31 24
606 3 move 30 16
606 4 move 33 8
607 0 move 40 32
607 1 move 33 5
607 2 pick 31 24
607 3 move 31 16
607 4 move 33 7
608 0 move 40 31
608 1 move 32 5
608 2 pick 31 24
608 3 move 32 16
608 4 move 33 6
609 0 move 40 30
609 1 move 31 5
609 2 move 30 23
609 3 move 33 16
609 4 move 33 5
610 0 move 40 29
610 1 move 30 5
610 2 move 30 22
610 3 move 33 15
610 4 move 32 5
611 0 pick 39 29
611 1 move 30 6
611 2 move 30 21
611 3 move 34 15
611 4 move 31 5
612 0 move 40 30
612 1 move 30 7
612 2 move 31 21
612 3 move 35 15
612 4 move 30 5
613 0 move 40 31
613 1 move 30 8
613 2 move 32 21
613 3 move 36 15
613 4 move 30 6
614 0 move 40 32
614 1 pick 31 8
614 2 move 33 21
614 3 move 37 15
614 4 move 30 7
615 0 pick 39 32
615 1 move 30 7
615 2 move 33 22
615 3 pick 38 15
615 4 move 30 8
616 0 move 40 33
616 1 move 30 6
616 2 move 33 23
616 3 move 37 14
616 4 pick 31 8
617 0 move 40 34
617 1 move 30 5
617 2 move 33 24
617 3 move 37 13
617 4 move 30 7
618 0 move 40 35
618 1 move 30 4
618 2 pick 32 24
618 3 move 37 12
618 4 pick 31 7
619 0 move 40 36
619 1 move 30 3
619 2 move 33 25
619 3 move 37 11
619 4 move 30 8
620 0 move 40 37
620 1 move 30 2
620 2 move 33 26
620 3 move 37 10
620 4 move 30 9
621 0 move 40 38
621 1 move 30 1
621 2 move 33 27
621 3 move 37 9
621 4 move 30 10
622 0 move 40 39
622 1 move 30 0
622 2 move 33 28
622 3 move 37 8
622 4 move 30 11
623 0 fulfill 40 39
623 1 fulfill 30 0
623 2 move 33 29
623 3 move 37 7
623 4 pick 31 11
624 0 move 40 38
624 1 move 29 0
624 2 pick 32 29
624 3 move 37 6
624 4 move 29 11
625 0 move 40 37
625 1 move 28 0
625 2 move 33 30
625 3 move 37 5
625 4 move 28 11
626 0 move 40 36
626 1 move 27 0
626 2 move 33 31
626 3 move 37 4
626 4 move 27 11
627 0 move 40 35
627 1 move 26 0
627 2 move 33 32
627 3 move 37 3
627 4 move 26 11
628 0 move 40 34
628 1 move 26 1
628 2 move 34 32
628 3 move 37 2
628 4 move 26 10
629 0 move 40 33
629 1 move 26 2
629 2 move 35 32
629 3 move 37 1
629 4 move 26 9
630 0 move 40 32
630 1 move 26 3
630 2 move 36 32
630 3 move 37 0
630 4 move 26 8
631 0 pick 39 32
631 1 move 26 4
631 2 move 37 32
631 3 fulfill 37 0
631 4 pick 25 8
632 0 move 40 33
632 1 move 26 5
632 2 move 38 32
632 3 move 37 1
632 4 pick 25 8
633 0 move 39 33
633 1 move 26 6
633 2 pick 39 32
633 3 move 37 2
633 4 pick 25 8
634 1 pick 25 6
634 2 move 38 33
634 3 move 37 3
634 4 move 26 7
635 0 move 38 33
635 1 move 26 7
635 2 move 38 34
635 3 move 37 4
635 4 move 26 6
636 0 move 38 32
636 1 move 26 8
636 2 move 37 34
636 3 move 38 4
636 4 move 26 5
637 0 pick 38 31
637 1 pick 25 8
637 2 move 37 35
637 3 pick 39 4
637 4 move 26 4
638 0 move 38 33
638 1 pick 25 8
638 2 move 37 36
638 3 move 38 5
638 4 move 26 3
639 0 move 39 33
639 1 move 26 9
639 2 move 37 37
639 3 pick 39 5
639 4 move 26 2
640 0 move 40 33
640 1 pick 25 9
640 2 move 37 38
640 3 move 37 5
640 4 move 26 1
641 0 move 40 32
641 1 move 26 8
641 2 move 37 39
641 3 move 37 4
641 4 move 26 0
642 0 move 40 31
642 1 move 26 7
642 2 move 38 39
642 3 move 37 3
642 4 fulfill 26 0
643 0 move 40 30
643 1 move 26 6
643 2 fulfill 38 39
643 3 move 37 2
643 4 move 26 1
644 0 move 40 29
644 1 move 26 5
644 2 move 38 38
644 3 move 37 1
644 4 move 26 2
645 0 pick 39 29
645 1 move 25 5
645 2 move 38 37
645 3 move 37 0
645 4 move 26 3
646 0 pick 39 29
646 1 move 24 5
646 2 move 38 36
646 3 move 38 0
646 4 move 26 4
647 0 pick 39 29
647 1 move 23 5
647 2 move 37 36
647 3 move 39 0
647 4 move 26 5
648 0 pick 39 29
648 1 move 23 6
648 2 move 37 35
648 3 move 39 1
648 4 move 26 6
649 0 move 40 28
649 1 move 23 7
649 2 move 37 34
649 3 move 40 1
649 4 move 26 7
650 0 pick 39 28
650 1 move 23 8
650 2 move 38 34
650 3 move 40 2
650 4 pick 25 7
651 0 pick 39 28
651 1 pick 24 8
651 2 pick 39 34
651 3 move 40 3
651 4 move 26 8
652 0 pick 39 28
652 1 move 22 8
652 2 move 38 33
652 3 move 40 4
652 4 pick 25 8
653 0 pick 39 28
653 1 move 21 8
653 2 move 38 32
653 3 move 40 5
653 4 pick 25 8
654 0 move 40 29
654 1 move 20 8
654 2 pick 38 31
654 3 move 40 6
654 4 pick 25 8
655 0 move 40 30
655 1 move 19 8
655 2 move 38 33
655 3 move 40 7
655 4 move 27 8
656 0 move 40 31
656 1 move 19 9
656 2 move 39 33
656 3 move 40 8
656 4 move 28 8
657 0 move 40 32
657 1 move 19 10
657 2 move 40 33
657 3 pick 39 8
657 4 move 29 8
658 0 move 40 33
658 1 move 19 11
658 2 move 40 32
658 3 pick 39 8
658 4 move 30 8
659 0 move 39 33
659 1 move 19 12
659 2 move 40 31
659 3 move 40 9
659 4 pick 31 8
660 0 move 38 33
660 1 pick 18 12
660 2 move 40 30
660 3 pick 39 9
660 4 move 30 9
661 0 move 37 33
661 1 move 19 13
661 2 move 40 29
661 3 move 40 10
661 4 pick 31 9
662 0 move 37 32
662 1 move 19 14
662 2 pick 39 29
662 3 move 40 11
662 4 pick 31 9
663 0 move 37 31
663 1 move 19 15
663 2 pick 39 29
663 3 pick 39 11
663 4 move 30 8
664 0 move 37 30
664 1 move 19 16
664 2 pick 39 29
664 3 pick 39 11
664 4 move 30 7
665 0 move 37 29
665 1 move 18 16
665 2 pick 39 29
665 3 pick 39 11
665 4 move 30 6
666 0 move 37 28
666 1 move 17 16
666 2 move 40 28
666 3 move 40 12
666 4 move 30 5
667 0 pick 38 28
667 1 move 16 16
667 2 pick 39 28
667 3 move 40 13
667 4 move 31 5
668 0 move 37 29
668 1 move 16 15
668 2 pick 39 28
668 3 move 40 14
668 4 move 32 5
669 0 move 37 30
669 1 move 16 14
669 2 pick 39 28
669 3 move 40 15
669 4 move 33 5
670 0 move 37 31
670 1 move 16 13
670 2 pick 39 28
670 3 move 40 16
670 4 move 33 6
671 0 move 37 32
671 1 pick 17 13
671 2 pick 39 28
671 3 move 39 16
671 4 move 33 7
672 0 move 38 32
672 1 move 16 12
672 2 move 40 27
672 3 move 38 16
672 4 move 33 8
673 0 move 38 33
673 1 move 16 11
673 2 move 40 26
673 3 move 37 16
673 4 move 33 9
674 0 move 39 33
674 1 move 16 10
674 2 pick 39 26
674 3 move 37 15
674 4 move 34 9
675 0 move 40 33
675 1 move 16 9
675 2 move 40 25
675 3 move 37 14
675 4 move 35 9
676 0 move 40 32
676 1 move 16 8
676 2 move 40 24
676 3 move 37 13
676 4 move 36 9
677 0 move 41 32
677 1 move 16 7
677 2 pick 39 24
677 3 move 37 12
677 4 move 37 9
678 0 move 42 32
678 1 pick 17 7
678 2 move 40 25
678 3 move 37 11
678 4 pick 38 9
679 0 move 43 32
679 1 move 16 8
679 2 move 40 26
679 3 pick 38 11
679 4 move 37 8
680 0 move 44 32
680 1 move 16 9
680 2 move 40 27
680 3 move 37 10
680 4 move 37 7
681 0 move 45 32
681 1 move 16 10
681 2 move 40 28
681 3 move 37 9
681 4 move 37 6
682 0 move 46 32
682 1 move 16 11
682 2 move 40 29
682 3 pick 38 9
682 4 move 37 5
683 0 move 47 32
683 1 move 16 12
683 2 move 40 30
683 3 move 36 9
683 4 move 37 4
684 0 move 47 31
684 1 move 16 13
684 2 move 40 31
684 3 move 35 9
684 4 move 37 3
685 0 move 47 30
685 1 move 16 14
685 2 move 40 32
685 3 move 34 9
685 4 move 37 2
686 0 move 47 29
686 1 move 16 15
686 2 move 40 33
686 3 move 33 9
686 4 move 37 1
687 0 move 47 28
687 1 move 16 16
687 2 move 40 34
687 3 move 33 8
687 4 move 37 0
688 0 pick 46 28
688 1 move 16 17
688 2 move 40 35
688 3 move 33 7
688 4 fulfill 37 0
689 0 move 47 29
689 1 move 16 18
689 2 move 40 36
689 3 move 33 6
689 4 move 37 1
690 0 move 47 30
690 1 move 16 19
690 2 move 40 37
690 3 move 33 5
690 4 move 37 2
691 0 move 47 31
691 1 move 16 20
691 2 move 40 38
691 3 move 32 5
691 4 move 37 3
692 0 move 47 32
692 1 move 16 21
692 2 move 40 39
692 3 move 31 5
692 4 move 37 4
693 0 move 47 33
693 1 move 16 22
693 2 fulfill 40 39
693 3 move 30 5
693 4 move 38 4
694 0 move 47 34
694 1 move 16 23
694 2 move 40 38
694 3 move 30 6
694 4 pick 39 4
695 0 move 47 35
695 1 move 16 24
695 2 move 40 37
695 3 move 30 7
695 4 move 37 4
696 0 move 47 36
696 1 move 16 25
696 2 move 40 36
696 3 move 30 8
696 4 move 37 3
697 0 move 47 37
697 1 move 16 26
697 2 move 40 35
697 3 pick 31 8
697 4 move 37 2
698 0 move 47 38
698 1 move 16 27
698 2 move 40 34
698 3 move 30 7
698 4 move 37 1
699 0 move 47 39
699 1 move 16 28
699 2 move 40 33
699 3 move 30 6
699 4 move 37 0
700 0 fulfill 47 39
700 1 move 16 29
700 2 move 40 32
700 3 move 30 5
700 4 move 38 0
701 0 move 47 38
701 1 pick 17 29
701 2 move 40 31
701 3 move 30 4
701 4 move 39 0
702 0 move 47 37
702 1 pick 17 29
702 2 pick 39 31
702 3 move 30 3
702 4 move 39 1
703 0 move 47 36
703 1 move 16 30
703 2 move 40 30
703 3 move 30 2
703 4 move 40 1
704 0 move 47 35
704 1 move 16 31
704 2 move 40 29
704 3 move 30 1
704 4 move 40 2
705 0 move 47 34
705 1 move 16 32
705 2 move 40 28
705 3 move 30 0
705 4 move 40 3
706 0 move 47 33
706 1 move 16 33
706 2 pick 39 28
706 3 fulfill 30 0
706 4 move 40 4
707 0 move 47 32
707 1 move 16 34
707 2 pick 39 28
707 3 move 30 1
707 4 move 40 5
708 0 move 47 31
708 1 move 16 35
708 2 pick 39 28
708 3 move 30 2
708 4 move 40 6
709 0 move 47 30
709 1 move 16 36
709 2 move 40 27
709 3 move 30 3
709 4 pick 39 6
710 0 pick 46 30
710 1 move 16 37
710 2 move 40 26
710 3 move 30 4
710 4 move 40 7
711 0 move 47 31
711 1 move 16 38
711 2 pick 39 26
711 3 move 30 5
711 4 pick 39 7
712 0 move 47 32
712 1 move 16 39
712 2 move 40 27
712 3 move 30 6
712 4 move 40 8
713 0 move 46 32
713 1 fulfill 16 39
713 2 move 40 28
713 3 move 30 7
713 4 move 40 9
714 0 move 45 32
714 1 move 16 38
714 2 move 40 29
714 3 move 30 8
714 4 pick 39 9
715 0 move 44 32
715 1 move 16 37
715 2 move 40 30
715 3 move 30 9
715 4 move 40 10
716 0 move 44 31
716 1 move 16 36
716 2 move 40 31
716 3 pick 31 9
716 4 move 40 11
717 0 move 44 30
717 1 move 17 36
717 2 move 40 32
717 3 pick 31 9
717 4 pick 39 11
718 0 move 44 29
718 1 move 18 36
718 2 move 40 33
718 3 move 30 10
718 4 pick 39 11
719 0 move 44 28
719 1 move 18 35
719 2 move 39 33
719 3 move 30 11
719 4 move 40 12
720 0 pick 45 28
720 1 pick 18 34
720 2 move 38 33
720 3 pick 31 11
720 4 move 40 13
721 0 move 43 28
721 1 move 19 35
721 2 move 37 33
721 3 pick 31 11
721 4 move 40 14
722 0 move 42 28
722 1 move 19 34
722 2 move 37 32
722 3 move 30 12
722 4 move 40 15
723 0 move 41 28
723 1 move 19 33
723 2 move 37 31
723 3 move 30 13
723 4 move 40 16
724 0 move 40 28
724 1 move 18 33
724 2 pick 38 31
724 3 pick 31 13
724 4 move 39 16
725 0 pick 39 28
725 1 move 18 32
725 2 move 37 32
725 3 move 29 13
725 4 move 38 16
726 0 move 40 27
726 1 pick 18 31
726 2 move 38 32
726 3 move 28 13
726 4 move 37 16
727 0 move 40 26
727 1 move 17 32
727 2 move 38 33
727 3 move 27 13
727 4 move 37 15
728 0 move 40 25
728 1 move 16 32
728 2 move 39 33
728 3 move 26 13
728 4 move 37 14
729 0 move 40 24
729 1 move 16 31
729 2 move 40 33
729 3 move 26 14
729 4 move 37 13
730 0 move 40 23
730 1 move 16 30
730 2 move 40 32
730 3 move 26 15
730 4 move 37 12
731 0 move 40 22
731 1 pick 17 30
731 2 move 41 32
731 3 move 26 16
731 4 move 37 11
732 0 move 40 21
732 1 move 16 29
732 2 move 42 32
732 3 move 25 16
732 4 move 37 10
733 0 move 39 21
733 1 move 16 28
733 2 move 43 32
733 3 move 24 16
733 4 move 37 9
734 0 move 38 21
734 1 pick 17 28
734 2 move 44 32
734 3 move 23 16
734 4 pick 38 9
735 0 move 37 21
735 1 move 16 29
735 2 move 45 32
735 3 move 23 15
735 4 move 37 8
736 0 move 37 22
736 1 move 16 30
736 2 move 46 32
736 3 move 23 14
736 4 move 37 7
737 0 move 37 23
737 1 move 16 31
737 2 move 47 32
737 3 move 23 13
737 4 move 37 6
738 0 move 37 24
738 1 move 16 32
738 2 move 47 31
738 3 move 23 12
738 4 move 37 5
739 0 move 37 25
739 1 move 17 32
739 2 move 47 30
739 3 pick 24 12
739 4 move 37 4
740 0 move 37 26
740 1 move 18 32
740 2 pick 46 30
740 3 pick 24 12
740 4 move 37 3
741 0 pick 38 26
741 1 move 19 32
741 2 move 47 31
741 3 pick 24 12
741 4 move 37 2
742 0 move 37 25
742 1 move 19 31
742 2 move 47 32
742 3 move 22 12
742 4 move 37 1
743 0 pick 38 25
743 1 move 19 30
743 2 move 47 33
743 3 move 21 12
743 4 move 37 0
744 0 move 37 26
744 1 move 19 29
744 2 move 47 34
744 3 move 20 12
744 4 fulfill 37 0
745 0 move 37 27
745 1 move 19 28
745 2 move 47 35
745 3 move 19 12
745 4 move 37 1
746 0 move 37 28
746 1 move 19 27
746 2 move 47 36
746 3 pick 18 12
746 4 pick 38 1
747 0 move 37 29
747 1 pick 18 27
747 2 move 47 37
747 3 move 19 13
747 4 move 37 2
748 0 move 37 30
748 1 pick 18 27
748 2 move 47 38
748 3 move 19 14
748 4 move 37 3
749 0 move 37 31
749 1 pick 18 27
749 2 move 47 39
749 3 move 19 15
749 4 move 37 4
750 0 move 37 32
750 1 pick 18 27
750 2 fulfill 47 39
750 3 pick 18 15
750 4 move 37 5
751 0 move 37 33
751 1 move 19 26
751 2 move 46 39
751 3 move 19 16
751 4 move 38 5
752 0 move 37 34
752 1 move 19 25
752 2 move 45 39
752 3 move 18 16
752 4 pick 39 5
753 0 move 37 35
753 1 pick 18 25
753 2 move 45 38
753 3 move 17 16
753 4 pick 39 5
754 0 move 37 36
754 1 pick 18 25
754 2 move 45 37
754 3 move 16 16
754 4 pick 39 5
755 0 move 37 37
755 1 move 19 24
755 2 move 45 36
755 3 move 15 16
755 4 pick 38 6
756 0 move 37 38
756 1 move 19 23
756 2 move 45 35
756 3 move 14 16
756 4 move 37 5
757 0 move 37 39
757 1 move 19 22
757 2 move 45 34
757 3 move 13 16
757 4 move 37 4
758 0 fulfill 37 39
758 1 move 19 21
758 2 move 45 33
758 3 move 12 16
758 4 move 37 3
759 0 move 37 38
759 1 move 18 21
759 2 move 45 32
759 3 move 11 16
759 4 move 37 2
760 0 move 37 37
760 1 move 17 21
760 2 pick 45 31
760 3 move 10 16
760 4 move 37 1
761 0 move 37 36
761 1 move 16 21
761 2 move 46 32
761 3 move 9 16
761 4 move 37 0
762 0 move 37 35
762 1 move 15 21
762 2 move 47 32
762 3 move 9 15
762 4 move 38 0
763 0 move 37 34
763 1 move 14 21
763 2 move 47 31
763 3 pick 10 15
763 4 move 39 0
764 0 move 37 33
764 1 move 13 21
764 2 move 47 30
764 3 move 9 16
764 4 move 39 1
765 0 move 37 32
765 1 move 12 21
765 2 move 47 29
765 3 move 9 17
765 4 move 40 1
766 0 move 37 31
766 1 move 12 22
766 2 move 47 28
766 3 move 9 18
766 4 move 40 2
767 0 move 37 30
767 1 pick 11 22
767 2 pick 46 28
767 3 move 9 19
767 4 move 40 3
768 0 pick 38 30
768 1 move 12 21
768 2 move 47 27
768 3 move 9 20
768 4 move 40 4
769 0 move 37 29
769 1 move 11 21
769 2 move 47 26
769 3 move 9 21
769 4 move 40 5
770 0 move 37 28
770 1 move 10 21
770 2 move 47 25
770 3 move 9 22
770 4 move 40 6
771 0 pick 38 28
771 1 move 9 21
771 2 move 47 24
771 3 move 9 23
771 4 move 40 7
772 0 pick 38 28
772 1 move 8 21
772 2 move 47 23
772 3 move 9 24
772 4 pick 39 7
773 0 pick 38 28
773 1 move 7 21
773 2 pick 46 23
773 3 move 9 25
773 4 move 40 8
774 0 move 37 29
774 1 move 6 21
774 2 pick 46 23
774 3 move 9 26
774 4 pick 39 8
775 0 move 37 30
775 1 move 5 21
775 2 move 47 22
775 3 move 9 27
775 4 pick 39 8
776 0 move 37 31
776 1 move 4 21
776 2 move 47 21
776 3 move 9 28
776 4 move 40 9
777 0 move 37 32
777 1 move 3 21
777 2 move 46 21
777 3 move 9 29
777 4 move 40 10
778 0 move 38 32
778 1 move 2 21
778 2 move 45 21
778 3 pick 10 29
778 4 move 40 11
779 0 move 38 33
779 1 move 1 21
779 2 move 45 20
779 3 move 8 29
779 4 pick 39 11
780 0 move 39 33
780 1 move 0 21
780 2 move 45 19
780 3 move 7 29
780 4 pick 39 11
781 0 move 40 33
781 1 move 0 22
781 2 move 45 18
781 3 move 6 29
781 4 move 40 12
782 0 move 40 32
782 1 fulfill 0 22
782 2 move 45 17
782 3 move 5 29
782 4 move 40 13
783 0 move 40 31
783 1 move 1 22
783 2 move 45 16
783 3 move 4 29
783 4 move 40 14
784 0 move 40 30
784 1 move 2 22
784 2 pick 45 15
784 3 move 3 29
784 4 move 40 15
785 0 move 40 29
785 1 move 3 22
785 2 move 44 16
785 3 move 2 29
785 4 move 40 16
786 0 move 40 28
786 1 move 4 22
786 2 move 44 15
786 3 move 1 29
786 4 move 39 16
787 0 pick 39 28
787 1 move 5 22
787 2 move 44 14
787 3 move 0 29
787 4 move 38 16
788 0 pick 39 28
788 1 move 6 22
788 2 pick 45 14
788 3 fulfill 0 29
788 4 move 37 16
789 0 pick 39 28
789 1 move 7 22
789 2 move 44 13
789 3 move 1 29
789 4 move 36 16
790 0 pick 39 28
790 1 move 8 22
790 2 move 44 12
790 3 move 2 29
790 4 move 35 16
791 0 pick 39 28
791 1 move 9 22
791 2 move 44 11
791 3 move 3 29
791 4 move 34 16
792 0 move 40 29
792 1 pick 10 22
792 2 move 44 10
792 3 move 4 29
792 4 move 33 16
793 0 pick 39 29
793 1 move 9 23
793 2 pick 45 10
793 3 move 5 29
793 4 move 32 16
794 0 pick 39 29
794 1 pick 10 23
794 2 pick 45 10
794 3 move 6 29
794 4 move 31 16
795 0 move 40 28
795 1 pick 10 23
795 2 pick 45 10
795 3 move 7 29
795 4 move 30 16
796 0 move 40 27
796 1 move 9 22
796 2 move 44 9
796 3 move 8 29
796 4 move 29 16
797 0 move 40 26
797 1 move 9 21
797 2 move 44 8
797 3 move 9 29
797 4 move 28 16
798 0 pick 39 26
798 1 move 10 21
798 2 move 44 7
798 3 move 9 30
798 4 move 27 16
799 0 move 40 25
799 1 move 11 21
799 2 move 44 6
799 3 move 9 31
799 4 move 26 16
800 0 move 40 24
800 1 move 12 21
800 2 move 44 5
800 3 move 9 32
800 4 move 26 15
801 0 move 40 23
801 1 move 12 22
801 2 move 44 4
801 3 move 10 32
801 4 move 26 14
802 0 move 40 22
802 1 move 12 23
802 2 move 44 3
802 3 move 11 32
802 4 move 26 13
803 0 move 40 21
803 1 move 12 24
803 2 move 44 2
803 3 move 12 32
803 4 move 26 12
804 0 move 39 21
804 1 move 12 25
804 2 move 44 1
804 3 move 12 31
804 4 move 26 11
805 0 move 38 21
805 1 move 12 26
805 2 move 44 0
805 3 move 12 30
805 4 pick 25 11
806 0 move 37 21
806 1 move 12 27
806 2 fulfill 44 0
806 3 move 12 29
806 4 move 26 10
807 0 move 37 22
807 1 pick 11 27
807 2 move 44 1
807 3 pick 11 29
807 4 move 26 9
808 0 move 37 23
808 1 move 12 26
808 2 move 44 2
808 3 move 12 28
808 4 move 26 8
809 0 move 37 24
809 1 move 13 26
809 2 move 44 3
809 3 pick 11 28
809 4 move 26 7
810 0 move 37 25
810 1 move 14 26
810 2 move 44 4
810 3 move 13 28
810 4 move 26 6
811 0 pick 38 25
811 1 move 15 26
811 2 move 44 5
811 3 move 14 28
811 4 move 26 5
812 0 pick 38 25
812 1 move 16 26
812 2 move 45 5
812 3 move 15 28
812 4 move 26 4
813 0 move 37 24
813 1 pick 17 26
813 2 move 46 5
813 3 move 16 28
813 4 move 26 3
814 0 move 37 23
814 1 move 16 25
814 2 pick 46 6
814 3 pick 17 28
814 4 move 26 2
815 0 move 37 22
815 1 move 16 24
815 2 pick 46 6
815 3 pick 17 28
815 4 move 26 1
816 0 move 37 21
816 1 move 16 23
816 2 pick 46 6
816 3 move 16 29
816 4 move 26 0
817 0 move 37 20
817 1 move 16 22
817 2 pick 46 6
817 3 move 16 30
817 4 fulfill 26 0
818 0 move 37 19
818 1 move 16 21
818 2 pick 46 6
818 3 move 16 31
818 4 move 26 1
819 0 move 37 18
819 1 move 17 21
819 2 move 47 5
819 3 pick 17 31
819 4 move 26 2
820 0 move 37 17
820 1 move 18 21
820 2 move 47 6
820 3 move 16 32
820 4 move 26 3
821 0 move 37 16
821 1 move 19 21
821 2 move 47 7
821 3 move 16 33
821 4 move 26 4
822 0 move 37 15
822 1 move 19 22
822 2 move 47 8
822 3 pick 17 33
822 4 move 26 5
823 0 move 37 14
823 1 move 19 23
823 2 pick 46 8
823 3 move 16 32
823 4 move 26 6
824 0 move 37 13
824 1 move 19 24
824 2 move 47 9
824 3 move 17 32
824 4 pick 25 6
825 0 move 37 12
825 1 move 19 25
825 2 move 47 10
825 3 move 18 32
825 4 move 26 7
826 0 pick 38 12
826 1 move 19 26
826 2 pick 46 10
826 3 move 18 33
826 4 move 26 8
827 0 move 37 11
827 1 move 19 27
827 2 move 47 11
827 3 pick 18 34
827 4 pick 25 8
828 0 move 37 10
828 1 pick 18 27
828 2 move 47 12
828 3 move 18 32
828 4 pick 25 8
829 0 move 37 9
829 1 pick 18 27
829 2 pick 46 12
829 3 move 19 32
829 4 pick 25 8
830 0 move 37 8
830 1 pick 18 27
830 2 move 47 13
830 3 move 19 31
830 4 move 26 9
831 0 move 37 7
831 1 move 19 28
831 2 move 47 14
831 3 move 19 30
831 4 move 27 9
832 0 move 37 6
832 2 pick 46 14
832 3 move 19 29
832 4 move 28 9
833 0 move 37 5
833 1 move 19 29
833 2 move 47 15
833 3 move 19 28
833 4 move 29 9
834 0 move 37 4
834 1 move 19 30
834 2 move 47 16
834 3 move 19 27
834 4 move 30 9
835 0 move 37 3
835 1 move 19 31
835 2 move 46 16
835 3 pick 18 27
835 4 pick 31 9
836 0 move 37 2
836 1 move 19 32
836 2 move 45 16
836 3 pick 18 27
836 4 pick 31 9
837 0 move 37 1
837 1 move 18 32
837 2 move 44 16
837 3 pick 18 27
837 4 pick 31 9
838 0 move 37 0
838 1 move 17 32
838 2 move 43 16
838 3 pick 18 27
838 4 pick 31 9
839 0 fulfill 37 0
839 1 move 16 32
839 2 move 42 16
839 3 pick 18 27
839 4 move 30 8
840 0 move 37 1
840 1 move 16 33
840 2 move 41 16
840 3 pick 18 27
840 4 move 30 7
841 0 move 37 2
841 1 move 16 34
841 2 move 40 16
841 3 move 19 28
841 4 pick 31 7
842 0 move 37 3
842 1 pick 17 34
842 2 move 40 15
842 3 move 19 29
842 4 move 30 8
843 0 pick 38 3
843 1 move 16 35
843 2 pick 39 15
843 3 move 19 30
843 4 move 30 9
844 0 move 37 4
844 1 move 16 36
844 2 move 40 14
844 3 move 19 31
844 4 move 30 10
845 0 move 38 4
845 1 move 16 37
845 2 move 40 13
845 3 move 19 32
845 4 move 30 11
846 0 pick 39 4
846 1 move 16 38
846 2 move 40 12
846 3 move 19 33
846 4 move 30 12
847 0 move 37 4
847 1 move 16 39
847 2 move 40 11
847 3 move 19 34
847 4 move 30 13
848 0 move 37 3
848 1 fulfill 16 39
848 2 move 40 10
848 3 move 19 35
848 4 pick 31 13
849 0 move 37 2
849 1 move 16 38
849 2 move 40 9
849 3 move 19 36
849 4 move 30 14
850 0 move 37 1
850 1 move 16 37
850 2 move 40 8
850 3 move 19 37
850 4 move 30 15
851 0 move 37 0
851 1 move 16 36
851 2 move 40 7
851 3 move 19 38
851 4 pick 31 15
852 0 move 38 0
852 1 move 16 35
852 2 move 40 6
852 3 move 19 39
852 4 pick 31 15
853 0 move 39 0
853 1 move 16 34
853 2 move 40 5
853 3 fulfill 19 39
853 4 move 29 15
854 0 move 39 1
854 1 move 16 33
854 2 move 40 4
854 3 move 19 38
854 4 move 28 15
855 0 move 40 1
855 1 move 16 32
855 2 move 40 3
855 3 move 19 37
855 4 move 27 15
856 1 move 17 32
856 2 move 40 2
856 3 move 19 36
856 4 move 26 15
857 0 move 40 2
857 1 move 18 32
857 2 move 40 1
857 3 move 19 35
857 4 move 26 16
858 0 move 40 3
858 1 pick 18 31
858 2 move 40 0
858 3 move 19 34
858 4 move 25 16
859 0 move 40 4
859 1 move 17 32
859 2 fulfill 40 0
859 3 pick 18 34
859 4 move 24 16
860 0 move 40 5
860 1 move 16 32
860 2 move 40 1
860 3 move 19 33
860 4 move 23 16
861 0 move 40 6
861 1 move 16 31
861 2 move 40 2
861 3 move 19 32
861 4 move 22 16
862 0 move 40 7
862 1 move 16 30
862 2 move 40 3
862 3 move 19 31
862 4 move 21 16
863 0 move 40 8
863 1 move 16 29
863 2 move 40 4
863 3 pick 18 31
863 4 move 20 16
864 0 pick 39 8
864 1 pick 17 29
864 2 pick 39 4
864 3 move 19 30
864 4 move 19 16
865 0 pick 39 8
865 1 move 16 28
865 2 move 40 5
865 3 move 19 29
865 4 move 19 15
866 0 move 40 9
866 1 pick 17 28
866 2 pick 39 5
866 3 move 19 28
866 4 pick 18 15
867 0 pick 39 9
867 1 move 16 27
867 2 pick 39 5
867 3 pick 18 28
867 4 move 19 14
868 0 move 40 10
868 1 move 16 26
868 2 move 40 4
868 3 move 19 27
868 4 move 19 13
869 0 move 40 11
869 1 pick 17 26
869 2 move 40 3
869 3 pick 18 27
869 4 move 19 12
870 0 pick 39 11
870 1 move 16 25
870 2 move 40 2
870 3 pick 18 27
870 4 move 19 11
871 0 pick 39 11
871 1 move 16 24
871 2 move 40 1
871 3 pick 18 27
871 4 move 19 10
872 0 pick 39 11
872 1 move 16 23
872 2 move 39 1
872 3 pick 18 27
872 4 move 19 9
873 0 move 40 12
873 1 move 16 22
873 2 move 39 0
873 3 pick 18 27
873 4 move 19 8
874 0 move 40 13
874 1 move 16 21
874 2 move 38 0
874 3 move 19 26
874 4 move 19 7
875 0 move 40 14
875 1 move 17 21
875 2 move 37 0
875 3 move 19 25
875 4 move 19 6
876 0 move 40 15
876 1 move 18 21
876 2 move 37 1
876 3 pick 18 25
876 4 move 19 5
877 0 move 40 16
877 1 move 19 21
877 2 move 37 2
877 3 move 19 24
877 4 move 19 4
878 0 move 39 16
878 1 move 19 22
878 2 move 37 3
878 3 move 19 23
878 4 move 19 3
879 0 move 38 16
879 1 move 19 23
879 2 move 37 4
879 3 move 19 22
879 4 move 19 2
880 0 move 37 16
880 1 move 19 24
880 2 move 37 5
880 3 move 19 21
880 4 move 19 1
881 0 move 37 15
881 1 move 19 25
881 2 move 37 6
881 3 move 18 21
881 4 move 19 0
882 0 move 37 14
882 1 move 19 26
882 2 move 37 7
882 3 move 17 21
882 4 fulfill 19 0
883 0 move 37 13
883 1 pick 18 26
883 2 pick 38 7
883 3 move 16 21
883 4 move 19 1
884 0 move 37 12
884 1 pick 18 26
884 2 move 37 8
884 3 move 16 22
884 4 move 19 2
885 0 move 37 11
885 1 move 19 27
885 2 move 37 9
885 3 move 16 23
885 4 move 19 3
886 0 move 37 10
886 1 pick 18 27
886 3 move 16 24
886 4 move 19 4
887 0 move 37 9
887 1 pick 18 27
887 2 move 37 10
887 3 move 16 25
887 4 move 19 5
888 0 pick 38 9
888 1 pick 18 27
888 2 move 37 11
888 3 move 16 26
888 4 move 19 6
889 0 pick 38 9
889 1 move 20 27
889 2 move 37 12
889 3 move 16 27
889 4 move 19 7
890 0 move 37 8
890 1 move 21 27
890 2 move 37 13
890 3 pick 17 27
890 4 pick 18 7
891 0 move 37 7
891 1 move 22 27
891 2 move 37 14
891 3 pick 17 27
891 4 move 19 8
892 0 move 37 6
892 1 move 23 27
892 2 move 37 15
892 3 move 16 28
892 4 pick 18 8
893 0 move 37 5
893 1 move 23 28
893 2 move 37 16
893 3 move 16 29
893 4 move 19 9
894 0 move 37 4
894 1 move 23 29
894 2 move 38 16
894 3 pick 17 29
894 4 move 19 10
895 0 move 37 3
895 1 move 23 30
895 2 move 39 16
895 3 move 16 30
895 4 move 20 10
896 0 move 37 2
896 1 move 23 31
896 2 move 40 16
896 3 move 16 31
896 4 move 21 10
897 0 move 37 1
897 1 move 23 32
897 2 move 40 15
897 3 move 16 32
897 4 move 22 10
898 0 move 37 0
898 1 move 24 32
898 2 move 40 14
898 3 move 16 33
898 4 move 23 10
899 0 fulfill 37 0
899 1 move 25 32
899 2 move 40 13
899 3 move 16 34
899 4 pick 24 10
900 0 move 37 1
900 1 move 26 32
900 2 move 40 12
900 3 move 16 35
900 4 move 23 11
901 0 pick 38 1
901 1 move 26 31
901 2 move 40 11
901 3 move 16 36
901 4 move 23 12
902 0 move 37 2
902 1 move 26 30
902 2 pick 39 11
902 3 move 16 37
902 4 pick 24 12
903 0 move 37 3
903 1 move 26 29
903 2 pick 39 11
903 3 move 16 38
903 4 pick 24 12
904 0 move 37 4
904 1 move 26 28
904 2 pick 39 11
904 3 move 16 39
904 4 pick 24 12
905 0 move 37 5
905 1 move 26 27
905 2 pick 39 11
905 3 fulfill 16 39
905 4 pick 24 12
906 0 move 37 6
906 1 pick 25 27
906 2 pick 39 11
906 3 move 16 38
906 4 move 23 13
907 0 move 37 7
907 1 move 26 28
907 2 pick 39 11
907 3 move 16 37
907 4 pick 24 13
908 0 move 37 8
908 1 move 26 29
908 2 move 40 12
908 3 move 16 36
908 4 move 22 13
909 0 move 37 9
909 1 move 26 30
909 2 move 40 13
909 3 move 16 35
909 4 move 21 13
910 0 move 37 10
910 1 move 26 31
910 2 move 40 14
910 3 move 16 34
910 4 move 20 13
911 0 pick 38 10
911 1 move 26 32
911 2 move 40 15
911 3 move 16 33
911 4 move 19 13
912 0 move 37 11
912 1 move 26 33
912 2 move 40 16
912 3 pick 17 33
912 4 move 19 14
913 0 pick 38 11
913 1 move 26 34
913 2 move 39 16
913 3 move 16 32
913 4 move 19 15
914 0 move 37 12
914 1 move 26 35
914 2 move 38 16
914 3 move 16 31
914 4 move 19 16
915 0 pick 38 12
915 1 move 26 36
915 2 move 37 16
915 3 move 16 30
915 4 move 18 16
916 0 pick 38 12
916 1 move 26 37
916 2 move 36 16
916 3 move 16 29
916 4 move 17 16
917 0 move 37 13
917 1 move 26 38
917 2 move 35 16
917 3 pick 17 29
917 4 move 16 16
918 0 move 37 14
918 1 move 26 39
918 2 move 34 16
918 3 move 16 28
918 4 move 16 15
919 0 move 37 15
919 1 fulfill 26 39
919 2 move 33 16
919 3 pick 17 28
919 4 move 16 14
920 0 move 37 16
920 1 move 26 38
920 2 move 32 16
920 3 pick 17 28
920 4 move 16 13
921 0 move 38 16
921 1 move 26 37
921 2 move 31 16
921 3 pick 17 28
921 4 pick 17 13
922 0 move 39 16
922 1 move 26 36
922 2 move 30 16
922 3 move 16 29
922 4 pick 17 13
923 0 move 40 16
923 1 move 26 35
923 2 move 29 16
923 3 move 16 30
923 4 move 15 13
924 0 move 40 15
924 1 move 26 34
924 2 move 28 16
924 3 move 16 31
924 4 move 14 13
925 0 move 40 14
925 1 move 26 33
925 2 move 27 16
925 3 move 16 32
925 4 move 13 13
926 0 move 40 13
926 1 move 26 32
926 2 move 26 16
926 3 move 17 32
926 4 move 12 13
927 0 move 40 12
927 1 move 26 31
927 2 move 26 15
927 3 move 18 32
927 4 move 12 12
928 0 move 40 11
928 1 pick 25 31
928 2 move 26 14
928 3 move 19 32
928 4 move 12 11
929 0 pick 39 11
929 1 move 26 30
929 2 move 26 13
929 3 move 19 31
929 4 move 12 10
930 0 pick 39 11
930 1 move 26 29
930 2 move 26 12
930 3 move 19 30
930 4 move 12 9
931 0 pick 39 11
931 1 pick 25 29
931 2 move 26 11
931 3 move 19 29
931 4 move 12 8
932 0 pick 39 11
932 1 pick 25 29
932 2 pick 25 11
932 3 move 19 28
932 4 pick 11 8
933 0 move 40 10
933 1 move 26 28
933 2 move 26 10
933 3 move 19 27
933 4 move 12 7
934 0 pick 39 10
934 1 pick 25 28
934 2 move 26 9
934 3 pick 18 27
934 4 move 12 6
935 0 move 40 9
935 1 move 26 27
935 2 move 26 8
935 3 pick 18 27
935 4 move 13 6
936 0 pick 39 9
936 1 move 26 26
936 2 move 26 7
936 3 pick 18 27
936 4 move 14 6
937 0 move 40 8
937 1 pick 25 26
937 2 move 26 6
937 3 move 19 26
937 4 move 15 6
938 0 pick 39 8
938 1 pick 25 26
938 2 move 26 5
938 3 pick 18 26
938 4 move 16 6
939 0 pick 39 8
939 1 pick 25 26
939 2 move 26 4
939 3 move 19 25
939 4 move 16 5
940 0 move 40 7
940 1 move 26 25
940 2 move 26 3
940 3 pick 18 25
940 4 move 17 5
941 0 move 40 6
941 1 move 26 24
941 2 move 26 2
941 3 move 19 24
941 4 move 18 5
942 0 move 40 5
942 1 move 27 24
942 2 move 26 1
942 3 move 19 23
942 4 move 19 5
943 0 move 40 4
943 1 move 28 24
943 2 move 26 0
943 3 move 19 22
943 4 move 19 6
944 0 move 40 3
944 1 move 29 24
944 2 fulfill 26 0
944 3 move 19 21
944 4 move 20 6
945 0 move 40 2
945 1 move 30 24
945 2 move 26 1
945 3 move 19 20
945 4 move 21 6
946 0 move 40 1
946 1 pick 31 24
946 2 move 26 2
946 3 move 19 19
946 4 move 22 6
947 0 move 39 1
947 1 pick 31 24
947 2 move 26 3
947 3 move 19 18
947 4 move 23 6
948 0 move 39 0
948 1 pick 31 24
948 2 move 26 4
948 3 move 19 17
948 4 pick 24 6
949 0 move 38 0
949 1 pick 31 24
949 2 move 26 5
949 3 move 19 16
949 4 move 23 7
950 0 move 37 0
950 1 pick 31 24
950 2 move 26 6
950 3 move 19 15
950 4 move 23 8
951 0 move 36 0
951 1 move 30 23
951 2 pick 25 6
951 3 move 19 14
951 4 move 23 9
952 0 move 35 0
952 1 move 30 22
952 2 move 26 7
952 3 move 19 13
952 4 move 23 10
953 0 move 34 0
953 1 move 30 21
953 2 move 26 8
953 3 move 19 12
953 4 move 23 11
954 0 move 33 0
954 1 move 31 21
954 2 pick 25 8
954 3 pick 18 12
954 4 move 23 12
955 0 move 32 0
955 1 move 32 21
955 2 pick 25 8
955 3 move 19 11
955 4 move 23 13
956 0 move 31 0
956 1 move 33 21
956 2 pick 25 8
956 3 move 19 10
956 4 move 23 14
957 0 move 30 0
957 1 move 34 21
957 2 move 26 9
957 3 move 19 9
957 4 move 23 15
958 0 move 30 1
958 1 move 35 21
958 2 move 26 10
958 3 move 19 8
958 4 move 23 16
959 0 move 30 2
959 1 move 36 21
959 2 move 26 11
959 3 move 19 7
959 4 move 23 17
960 0 move 30 3
960 1 move 37 21
960 2 move 26 12
960 3 move 19 6
960 4 move 23 18
961 0 move 30 4
961 1 move 38 21
961 2 pick 25 12
961 3 move 19 5
961 4 move 23 19
962 0 move 30 5
962 1 move 39 21
962 2 move 26 13
962 3 move 19 4
962 4 move 23 20
963 0 move 30 6
963 1 move 40 21
963 2 pick 25 13
963 3 move 19 3
963 4 move 23 21
964 0 move 30 7
964 1 move 40 22
964 2 move 26 14
964 3 move 19 2
964 4 move 23 22
965 0 move 30 8
965 1 move 40 23
965 2 move 27 14
965 3 move 19 1
965 4 pick 24 22
966 0 pick 31 8
966 1 move 40 24
966 2 move 28 14
966 3 move 19 0
966 4 pick 24 22
967 0 move 30 7
967 1 move 40 25
967 2 move 29 14
967 3 fulfill 19 0
967 4 pick 24 22
968 0 move 30 6
968 1 move 40 26
968 2 move 30 14
968 3 move 19 1
968 4 move 23 23
969 0 move 30 5
969 1 pick 39 26
969 2 pick 31 14
969 3 move 19 2
969 4 move 23 24
970 0 move 30 4
970 1 move 40 25
970 2 pick 31 14
970 3 move 19 3
970 4 move 23 25
971 0 move 30 3
971 1 move 40 24
971 2 move 30 15
971 3 move 19 4
971 4 move 23 26
972 0 move 30 2
972 1 move 40 23
972 2 move 30 16
972 3 move 19 5
972 4 move 23 27
973 0 move 30 1
973 1 move 41 23
973 2 move 31 16
973 3 move 19 6
973 4 move 23 28
974 0 move 30 0
974 1 move 42 23
974 2 move 32 16
974 3 pick 18 6
974 4 move 23 29
975 0 fulfill 30 0
975 1 move 43 23
975 2 move 33 16
975 3 move 19 7
975 4 move 23 30
976 1 move 44 23
976 2 move 33 15
976 3 move 19 8
976 4 move 23 31
977 1 move 44 22
977 2 move 34 15
977 3 pick 18 8
977 4 move 23 32
978 1 move 44 21
978 2 move 35 15
978 3 move 19 9
978 4 move 23 33
979 1 move 45 21
979 2 move 36 15
979 3 move 19 10
979 4 move 23 34
980 1 move 46 21
980 2 move 37 15
980 3 move 19 11
980 4 move 23 35
981 1 move 47 21
981 2 pick 38 15
981 3 move 19 12
981 4 move 23 36
982 1 move 47 22
982 2 move 37 14
982 3 pick 18 12
982 4 move 23 37
983 1 move 47 23
983 2 move 37 13
983 3 pick 18 12
983 4 move 23 38
984 1 pick 46 23
984 2 move 37 12
984 3 move 19 13
984 4 move 23 39
985 1 move 48 23
985 2 move 37 11
985 3 move 19 14
985 4 fulfill 23 39
986 1 move 49 23
986 2 pick 38 11
986 3 move 19 15
987 1 move 50 23
987 2 move 37 10
987 3 move 19 16
988 1 move 51 23
988 2 move 37 9
988 3 move 18 16
989 1 move 52 23
989 2 pick 38 9
989 3 move 17 16
990 1 move 53 23
990 2 move 37 8
990 3 move 16 16
991 1 move 54 23
991 2 move 37 7
991 3 move 16 15
992 1 move 55 23
992 2 move 37 6
992 3 move 16 14
993 1 move 56 23
993 2 move 37 5
993 3 move 16 13
994 1 move 57 23
994 2 move 37 4
994 3 move 16 12
995 1 move 58 23
995 2 move 37 3
995 3 move 16 11
996 1 move 59 23
996 2 move 37 2
996 3 pick 17 11
997 1 fulfill 59 23
997 2 move 37 1
997 3 pick 17 11
998 2 move 37 0
998 3 move 16 12
999 2 fulfill 37 0
999 3 move 16 13
1000 3 pick 17 13
1001 3 move 16 14
1002 3 move 16 15
1003 3 move 16 16
1004 3 move 17 16
1005 3 move 18 16
1006 3 move 19 16
1007 3 move 19 15
1008 3 move 19 14
1009 3 move 19 13
1010 3 move 19 12
1011 3 move 20 12
1012 3 move 21 12
1013 3 move 22 12
1014 3 move 23 12
1015 3 pick 24 12
1016 3 pick 24 12
1017 3 pick 24 12
1018 3 pick 24 12
1019 3 move 23 11
1020 3 move 23 10
1021 3 move 23 9
1022 3 move 23 8
1023 3 move 23 7
1024 3 move 23 6
1025 3 move 23 5
1026 3 move 23 4
1027 3 move 23 3
1028 3 move 23 2
1029 3 move 23 1
1030 3 move 23 0
1031 3 fulfill 23 0
