1 0 move 57 13
1 1 move 51 5
1 2 move 22 17
1 3 move 42 9
1 4 move 40 14
2 0 move 56 13
2 1 move 50 5
2 2 move 22 18
2 3 move 43 9
2 4 move 40 15
3 0 move 55 13
3 1 move 49 5
3 2 move 22 19
3 3 move 44 9
3 4 move 40 16
4 0 move 54 13
4 1 move 48 5
4 2 move 22 20
4 3 move 44 8
4 4 move 39 16
5 0 move 53 13
5 1 move 47 5
5 2 move 22 21
5 3 move 44 7
5 4 move 38 16
6 0 move 52 13
6 1 move 46 5
6 2 move 22 22
6 3 move 44 6
6 4 move 37 16
7 0 move 51 13
7 1 move 45 5
7 2 move 22 23
7 3 move 44 5
7 4 move 36 16
8 0 move 50 13
8 1 move 44 5
8 2 move 22 24
8 3 move 45 5
8 4 move 35 16
9 0 move 49 13
9 1 move 44 6
9 2 move 22 25
9 3 move 46 5
9 4 move 35 15
10 0 move 48 13
10 1 move 44 7
10 2 move 22 26
10 3 move 47 5
10 4 move 35 14
11 0 move 47 13
11 1 move 44 8
11 2 move 22 27
11 3 move 47 6
11 4 move 35 13
12 0 move 47 12
12 1 move 44 9
12 2 move 22 28
12 3 move 47 7
12 4 move 35 12
13 0 move 47 11
13 1 move 44 10
13 2 move 23 28
13 3 move 47 8
13 4 move 34 12
14 0 pick 46 11
14 1 move 44 11
14 2 dock 24 28
14 3 move 47 9
14 4 move 35 12
15 0 move 47 10
15 1 move 44 12
15 2 move 22 28
15 3 move 48 9
15 4 move 34 12
16 0 pick 46 10
16 1 move 44 13
16 2 undock 23 28
16 3 move 48 8
16 4 move 34 13
17 0 move 47 11
17 1 dock 45 13
17 2 move 22 29
17 3 move 47 8
17 4 move 34 14
18 0 move 47 12
18 1 move 43 13
18 2 move 23 29
18 3 move 47 7
18 4 move 34 15
19 0 move 47 13
19 1 undock 44 13
19 2 dock 23 28
19 3 move 47 6
19 4 move 34 16
20 0 move 47 14
20 1 move 43 12
20 2 move 22 29
20 3 move 47 5
20 4 move 34 17
21 0 move 47 15
21 1 move 44 12
21 2 move 21 29
21 3 move 46 5
21 4 move 34 18
22 0 move 47 16
22 1 dock 44 13
22 2 move 20 29
22 3 move 45 5
22 4 move 34 19
23 0 move 46 16
23 1 move 43 12
23 2 move 19 29
23 3 move 44 5
23 4 move 34 20
24 0 move 45 16
24 1 move 42 12
24 2 move 19 30
24 3 move 44 6
24 4 move 34 21
25 0 move 44 16
25 1 move 41 12
25 2 move 19 31
25 3 move 44 7
25 4 move 35 21
26 0 move 44 15
26 1 move 40 12
26 2 move 19 32
26 3 dock 45 7
26 4 move 36 21
27 0 move 44 14
27 1 move 40 11
27 2 move 19 33
27 3 move 43 7
27 4 move 37 21
28 0 move 44 13
28 1 move 40 10
28 2 move 18 33
28 3 undock 44 7
28 4 move 38 21
29 0 move 44 12
29 1 move 40 9
29 2 move 17 33
29 3 move 43 6
29 4 move 39 21
30 0 move 44 11
30 1 move 40 8
30 2 move 17 34
30 3 move 44 6
30 4 move 40 21
31 0 move 44 10
31 1 move 40 7
31 2 undock 17 33
31 3 dock 44 7
31 4 move 40 22
32 0 pick 45 10
32 1 move 40 6
32 2 move 18 34
32 3 move 43 6
32 4 move 40 23
33 0 pick 45 10
33 1 move 40 5
33 2 move 18 33
33 3 move 42 6
33 4 move 40 24
34 0 move 44 9
34 1 move 40 4
34 2 move 18 32
34 3 move 41 6
34 4 move 40 25
35 0 move 44 8
35 1 move 39 4
35 2 move 19 32
35 3 move 40 6
35 4 move 40 26
36 0 pick 45 8
36 1 move 38 4
36 2 move 19 31
36 3 move 40 5
36 4 move 40 27
37 0 pick 45 8
37 1 undock 38 5
37 2 move 19 30
37 3 move 40 4
37 4 move 40 28
38 0 move 44 7
38 1 move 37 4
38 2 move 19 29
38 3 move 39 4
38 4 move 40 29
39 0 move 44 6
39 1 move 36 4
39 2 move 19 28
39 3 undock 39 5
39 4 move 41 29
40 0 move 44 5
40 1 move 35 4
40 2 move 19 27
40 3 move 40 4
40 4 move 42 29
41 0 move 44 4
41 1 move 34 4
41 2 move 19 26
41 3 move 40 5
41 4 move 43 29
42 0 move 44 3
42 1 move 33 4
42 2 move 19 25
42 3 move 40 6
42 4 move 44 29
43 0 move 44 2
43 1 move 32 4
43 2 move 19 24
43 3 move 40 7
43 4 dock 45 29
44 0 move 44 1
44 1 move 32 5
44 2 move 19 23
44 3 move 40 8
44 4 move 43 29
45 0 move 44 0
45 1 dock 32 6
45 2 move 19 22
45 3 move 40 9
45 4 undock 44 29
46 0 fulfill 44 0
46 1 move 33 5
46 2 move 19 21
46 3 move 40 10
46 4 move 43 30
47 0 move 44 1
47 1 undock 33 6
47 2 move 19 20
47 3 move 40 11
47 4 move 44 30
48 0 move 44 2
48 1 dock 33 6
48 2 move 19 19
48 3 move 41 11
48 4 dock 44 29
49 0 move 44 3
49 1 move 33 4
49 2 move 19 18
49 3 move 42 11
49 4 move 43 30
50 0 move 44 4
50 1 move 33 3
50 2 move 19 17
50 3 move 43 11
50 4 move 42 30
51 0 move 44 5
51 1 move 33 2
51 2 move 19 16
51 3 move 44 11
51 4 move 41 30
52 0 move 45 5
52 1 move 34 2
52 2 move 19 15
52 3 dock 45 11
52 4 move 40 30
53 0 move 46 5
53 1 move 35 2
53 2 move 20 15
53 3 move 43 11
53 4 move 40 31
54 0 pick 46 6
54 1 move 36 2
54 2 move 21 15
54 3 undock 44 11
54 4 move 40 32
55 0 pick 46 6
55 1 move 37 2
55 2 move 22 15
55 3 move 43 10
55 4 move 40 33
56 0 pick 46 6
56 1 move 38 2
56 2 move 23 15
56 3 move 44 10
56 4 move 39 33
57 0 pick 46 6
57 1 undock 38 3
57 2 dock 24 15
57 3 dock 44 11
57 4 undock 39 32
58 0 move 47 5
58 1 move 37 2
58 2 move 23 16
58 3 move 43 10
58 4 move 38 33
59 0 move 47 6
59 1 move 36 2
59 2 undock 24 16
59 3 move 42 10
59 4 move 38 32
60 0 move 47 7
60 1 move 35 2
60 2 move 23 17
60 3 move 41 10
60 4 move 37 32
61 0 pick 46 7
61 1 move 35 3
61 2 move 24 17
61 3 move 40 10
61 4 move 37 31
62 0 move 47 8
62 1 move 34 3
62 2 dock 24 16
62 3 move 40 9
62 4 move 37 30
63 0 move 47 9
63 1 move 34 4
63 2 move 23 17
63 3 move 40 8
63 4 move 37 29
64 0 move 47 10
64 1 move 33 4
64 2 move 22 17
64 3 move 40 7
64 4 move 37 28
65 0 pick 46 10
65 1 move 32 4
65 2 move 21 17
65 3 move 40 6
65 4 move 37 27
66 0 pick 46 10
66 1 move 31 4
66 2 move 20 17
66 3 move 40 5
66 4 move 37 26
67 0 move 47 11
67 1 move 30 4
67 2 move 19 17
67 3 move 40 4
67 4 move 37 25
68 0 move 47 12
68 1 move 30 5
68 2 move 19 18
68 3 move 40 3
68 4 move 37 24
69 0 move 47 13
69 1 move 30 6
69 2 move 19 19
69 3 move 39 3
69 4 move 37 23
70 0 move 47 14
70 1 move 30 7
70 2 move 19 20
70 3 move 39 2
70 4 move 37 22
71 0 move 47 15
71 1 pick 31 7
71 2 move 19 21
71 3 move 39 1
71 4 move 37 21
72 0 move 47 16
72 1 move 29 7
72 2 move 19 22
72 3 undock 39 2
72 4 move 37 20
73 0 move 47 17
73 1 move 28 7
73 2 move 19 23
73 3 move 40 1
73 4 move 37 19
74 0 move 47 18
74 1 move 27 7
74 2 move 19 24
74 3 move 40 2
74 4 move 37 18
75 0 move 47 19
75 1 move 26 7
75 2 move 19 25
75 3 move 40 3
75 4 move 37 17
76 0 move 47 20
76 1 move 26 8
76 2 move 19 26
76 3 move 40 4
76 4 move 37 16
77 0 move 47 21
77 1 pick 25 8
77 2 move 19 27
77 3 move 40 5
77 4 move 38 16
78 0 move 47 22
78 1 pick 25 8
78 2 move 19 28
78 3 move 40 6
78 4 dock 38 15
79 0 move 47 23
79 1 pick 25 8
79 2 move 19 29
79 3 move 41 6
79 4 move 38 17
80 0 move 47 24
80 1 pick 25 8
80 2 move 19 30
80 3 move 42 6
80 4 undock 38 16
81 0 pick 46 24
81 1 pick 25 8
81 2 move 19 31
81 3 move 43 6
81 4 dock 38 16
82 0 move 48 24
82 1 move 26 7
82 2 move 19 32
82 3 move 44 6
82 4 move 38 18
83 0 move 49 24
83 1 move 26 6
83 2 move 19 33
83 3 dock 45 6
83 4 move 38 19
84 0 move 50 24
84 1 move 26 5
84 2 move 18 33
84 3 move 43 6
84 4 move 38 20
85 0 move 51 24
85 1 move 26 4
85 2 move 18 34
85 3 undock 44 6
85 4 move 38 21
86 0 move 52 24
86 1 move 26 3
86 2 move 18 35
86 3 move 43 5
86 4 move 37 21
87 0 move 53 24
87 1 move 26 2
87 2 move 17 35
87 3 move 44 5
87 4 move 37 22
88 0 move 54 24
88 1 move 26 1
88 2 undock 17 34
88 3 dock 44 6
88 4 move 37 23
89 0 move 55 24
89 1 move 26 0
89 2 move 18 35
89 3 move 43 5
89 4 move 37 24
90 0 move 56 24
90 1 fulfill 26 0
90 2 move 18 34
90 3 move 42 5
90 4 move 37 25
91 0 move 57 24
91 1 move 26 1
91 2 move 18 33
91 3 move 41 5
91 4 move 37 26
92 0 move 58 24
92 1 move 26 2
92 2 move 18 32
92 3 move 40 5
92 4 move 37 27
93 0 move 59 24
93 1 move 26 3
93 2 move 19 32
93 3 move 40 4
93 4 move 37 28
94 0 fulfill 59 24
94 1 move 26 4
94 2 move 19 31
94 3 move 40 3
94 4 move 37 29
95 0 move 58 24
95 1 move 26 5
95 2 move 19 30
95 3 move 40 2
95 4 move 37 30
96 0 move 57 24
96 1 move 26 6
96 2 move 19 29
96 3 move 40 1
96 4 move 37 31
97 0 move 56 24
97 1 move 26 7
97 2 move 19 28
97 3 move 40 0
97 4 move 37 32
98 0 move 55 24
98 1 move 26 8
98 2 move 19 27
98 3 move 39 0
98 4 move 37 33
99 0 move 54 24
99 1 pick 25 8
99 2 move 19 26
99 3 move 38 0
99 4 move 37 34
100 0 move 53 24
100 1 pick 25 8
100 2 move 20 26
100 3 undock 38 1
100 4 move 38 34
101 0 move 52 24
101 1 move 26 7
101 2 move 21 26
101 3 move 37 0
101 4 move 39 34
102 0 move 51 24
102 1 move 26 6
102 2 move 22 26
102 3 move 36 0
102 4 undock 39 33
103 0 move 50 24
103 1 move 26 5
103 2 move 23 26
103 3 move 35 0
103 4 move 40 34
104 0 move 49 24
104 1 move 25 5
104 2 dock 24 26
104 3 move 35 1
104 4 move 40 33
105 0 move 48 24
105 1 move 24 5
105 2 move 22 26
105 3 move 35 2
105 4 move 40 32
106 0 move 47 24
106 1 move 23 5
106 2 undock 23 26
106 3 move 35 3
106 4 move 40 31
107 0 move 47 25
107 1 move 23 6
107 2 move 22 27
107 3 move 35 4
107 4 move 40 30
108 0 pick 46 25
108 1 move 23 7
108 2 move 23 27
108 3 move 36 4
108 4 move 40 29
109 0 move 47 26
109 1 pick 24 7
109 2 dock 23 26
109 3 move 37 4
109 4 move 40 28
110 0 move 47 27
110 1 move 23 6
110 2 move 22 27
110 3 move 38 4
110 4 move 40 27
111 0 move 47 28
111 1 move 23 5
111 2 move 21 27
111 3 move 39 4
111 4 move 40 26
112 0 move 47 29
112 1 move 24 5
112 2 move 20 27
112 3 pick 39 5
112 4 move 41 26
113 0 move 47 30
113 1 move 25 5
113 2 move 19 27
113 3 move 40 4
113 4 move 42 26
114 0 move 47 31
114 1 move 26 5
114 2 move 19 28
114 3 move 40 5
114 4 move 43 26
115 0 move 47 32
115 1 move 26 6
115 2 move 19 29
115 3 move 40 6
115 4 move 44 26
116 0 move 46 32
116 1 move 26 7
116 2 move 19 30
116 3 move 40 7
116 4 dock 45 26
117 0 move 45 32
117 1 move 26 8
117 2 move 19 31
117 3 pick 39 7
117 4 move 43 26
118 0 move 44 32
118 1 move 26 9
118 2 move 19 32
118 3 move 40 8
118 4 undock 44 26
119 0 move 44 31
119 1 move 27 9
119 2 move 19 33
119 3 pick 39 8
119 4 move 43 27
120 0 move 44 30
120 1 move 28 9
120 2 move 18 33
120 3 move 40 9
120 4 move 44 27
121 0 move 44 29
121 1 move 29 9
121 2 move 18 34
121 3 pick 39 9
121 4 dock 44 26
122 0 move 44 28
122 1 move 30 9
122 2 move 18 35
122 3 move 40 10
122 4 move 43 27
123 0 pick 45 28
123 1 pick 31 9
123 2 undock 18 34
123 3 move 40 11
123 4 move 42 27
124 0 move 43 28
124 1 pick 31 9
124 2 move 19 35
124 3 pick 39 11
124 4 move 41 27
125 0 move 42 28
125 1 pick 31 9
125 2 move 19 34
125 3 pick 39 11
125 4 move 40 27
126 0 move 41 28
126 1 pick 31 9
126 2 move 19 33
126 3 move 40 10
126 4 move 40 28
127 1 move 30 8
127 2 move 19 32
127 3 move 40 9
127 4 move 40 29
128 0 move 40 28
128 1 move 30 7
128 2 move 19 31
128 3 move 40 8
128 4 move 40 30
129 0 pick 39 28
129 1 move 30 6
129 2 move 20 31
129 3 move 40 7
129 4 move 40 31
130 0 pick 39 28
130 1 move 30 5
130 2 move 21 31
130 3 move 40 6
130 4 move 40 32
131 0 move 40 29
131 1 move 30 4
131 2 move 22 31
131 3 move 40 5
131 4 move 40 33
132 0 pick 39 29
132 1 move 30 3
132 2 move 23 31
132 3 move 40 4
132 4 move 40 34
133 0 pick 39 29
133 1 move 30 2
133 2 dock 24 31
133 3 move 40 3
133 4 move 40 35
134 0 pick 39 29
134 1 move 30 1
134 2 move 22 31
134 3 move 40 2
134 4 move 39 35
135 0 move 40 30
135 1 move 30 0
135 2 undock 23 31
135 3 move 40 1
135 4 undock 39 34
136 0 move 40 31
136 1 fulfill 30 0
136 2 move 22 32
136 3 move 40 0
136 4 move 38 35
137 0 move 40 32
137 1 move 30 1
137 2 move 23 32
137 3 fulfill 40 0
137 4 move 37 35
138 0 move 40 33
138 1 move 30 2
138 2 dock 23 31
138 3 move 40 1
138 4 move 36 35
139 0 move 40 34
139 1 move 30 3
139 2 move 22 32
139 3 move 40 2
139 4 move 35 35
140 0 move 40 35
140 1 move 30 4
140 2 move 21 32
140 3 move 40 3
140 4 move 34 35
141 0 move 40 36
141 1 move 30 5
141 2 move 20 32
141 3 move 40 4
141 4 move 33 35
142 0 move 40 37
142 1 move 30 6
142 2 move 19 32
142 3 move 40 5
142 4 move 32 35
143 0 move 40 38
143 1 move 30 7
143 2 move 19 33
143 3 move 40 6
143 4 move 32 34
144 0 move 40 39
144 1 pick 31 7
144 2 move 19 34
144 3 move 40 7
144 4 move 32 33
145 0 fulfill 40 39
145 1 move 30 8
145 2 move 19 35
145 3 move 40 8
145 4 move 32 32
146 0 move 40 38
146 1 move 30 9
146 2 move 19 36
146 3 pick 39 8
146 4 dock 32 31
147 0 move 40 37
147 1 pick 31 9
147 2 move 18 36
147 3 move 40 9
147 4 move 33 32
148 0 move 40 36
148 1 move 29 9
148 2 move 17 36
148 3 move 40 10
148 4 undock 33 31
149 0 move 40 35
149 1 move 28 9
149 2 undock 17 35
149 3 move 40 11
149 4 dock 33 31
150 0 move 40 34
150 1 move 27 9
150 2 move 16 36
150 3 pick 39 11
150 4 move 33 33
151 0 move 40 33
151 1 move 26 9
151 2 move 15 36
151 3 pick 39 11
151 4 move 33 34
152 0 move 40 32
152 1 move 26 8
152 2 move 14 36
152 3 pick 39 11
152 4 move 33 35
153 0 move 40 31
153 1 pick 25 8
153 2 move 14 35
153 3 pick 39 11
153 4 move 33 36
154 0 move 40 30
154 1 pick 25 8
154 2 move 14 34
154 3 pick 39 11
154 4 move 34 36
155 0 move 40 29
155 1 pick 25 8
155 2 move 14 33
155 3 pick 39 11
155 4 move 35 36
156 0 pick 39 29
156 1 move 27 8
156 2 move 15 33
156 3 pick 39 11
156 4 move 36 36
157 0 pick 39 29
157 1 move 28 8
157 2 move 16 33
157 3 move 40 12
157 4 move 37 36
158 0 move 40 28
158 1 move 29 8
158 2 pick 17 33
158 3 move 40 13
158 4 move 38 36
159 0 pick 39 28
159 1 move 30 8
159 2 move 16 32
159 3 move 40 14
159 4 undock 38 35
160 0 pick 39 28
160 1 move 30 7
160 2 move 16 31
160 3 move 40 15
160 4 move 37 36
161 0 move 40 27
161 1 move 30 6
161 2 move 16 30
161 3 move 40 16
161 4 move 36 36
162 0 move 40 26
162 1 move 30 5
162 2 move 16 29
162 3 move 39 16
162 4 move 35 36
163 0 move 40 25
163 1 move 31 5
163 2 pick 17 29
163 3 move 38 16
163 4 move 35 35
164 0 pick 39 25
164 1 move 32 5
164 2 move 16 28
164 3 move 37 16
164 4 move 35 34
165 0 move 40 24
165 1 move 33 5
165 2 pick 17 28
165 3 move 36 16
165 4 move 35 33
166 0 pick 39 24
166 1 move 33 6
166 2 move 16 29
166 3 move 35 16
166 4 move 35 32
167 0 move 40 25
167 1 move 33 7
167 2 move 16 30
167 3 move 34 16
167 4 move 35 31
168 0 move 40 26
168 1 move 33 8
168 2 move 16 31
168 3 move 33 16
168 4 move 35 30
169 0 move 40 27
169 1 move 33 9
169 2 move 16 32
169 3 move 33 15
169 4 move 35 29
170 0 move 40 28
170 1 move 34 9
170 2 move 17 32
170 3 move 33 14
170 4 move 35 28
171 0 move 40 29
171 1 move 35 9
171 2 move 18 32
171 3 move 33 13
171 4 move 36 28
172 0 move 40 30
172 1 move 36 9
172 2 move 19 32
172 3 move 33 12
172 4 move 37 28
173 0 move 40 31
173 1 move 37 9
173 2 move 19 31
173 3 move 33 11
173 4 pick 38 28
174 0 move 40 32
174 1 pick 38 9
174 2 move 19 30
174 3 pick 32 11
174 4 move 37 27
175 0 move 40 33
175 1 move 37 8
175 2 move 19 29
175 3 move 33 12
175 4 move 37 26
176 0 move 40 34
176 1 move 37 7
176 2 move 19 28
176 3 move 33 13
176 4 move 37 25
177 0 move 40 35
177 1 move 37 6
177 2 move 19 27
177 3 move 33 14
177 4 move 37 24
178 0 move 40 36
178 1 move 37 5
178 2 pick 18 27
178 3 pick 32 14
178 4 move 37 23
179 0 move 40 37
179 1 move 37 4
179 2 pick 18 27
179 3 pick 32 14
179 4 move 37 22
180 0 move 40 38
180 1 move 37 3
180 2 pick 18 27
180 3 move 33 13
180 4 move 37 21
181 0 move 40 39
181 1 move 37 2
181 2 move 19 26
181 3 move 33 12
181 4 move 38 21
182 0 fulfill 40 39
182 1 move 37 1
182 2 move 19 25
182 3 move 33 11
182 4 move 39 21
183 0 move 39 39
183 1 move 37 0
183 2 pick 18 25
183 3 move 33 10
183 4 move 40 21
184 0 move 38 39
184 1 fulfill 37 0
184 2 move 19 26
184 3 move 33 9
184 4 move 40 22
185 0 move 38 38
185 1 move 37 1
185 2 move 19 27
185 3 move 33 8
185 4 move 40 23
186 0 move 38 37
186 1 move 37 2
186 2 move 19 28
186 3 move 33 7
186 4 move 40 24
187 0 move 38 36
187 1 move 37 3
187 2 move 19 29
187 3 move 33 6
187 4 move 40 25
188 0 move 37 36
188 1 move 37 4
188 2 move 19 30
188 3 move 33 5
188 4 move 40 26
189 0 move 37 35
189 1 move 37 5
189 2 move 19 31
189 3 move 33 4
189 4 move 40 27
190 0 move 37 34
190 1 pick 38 5
190 2 move 19 32
190 3 move 33 3
190 4 move 40 28
191 0 move 37 33
191 1 move 37 6
191 2 move 19 33
191 3 move 33 2
191 4 pick 39 28
192 0 move 37 32
192 1 move 37 7
192 2 move 19 34
192 3 move 33 1
192 4 pick 39 28
193 0 move 38 32
193 1 move 37 8
193 2 move 19 35
193 3 move 33 0
193 4 pick 39 28
194 0 pick 38 31
194 1 move 37 9
194 2 move 19 36
194 3 fulfill 33 0
194 4 move 40 29
195 0 move 37 32
195 1 pick 38 9
195 2 move 19 37
195 3 move 33 1
195 4 move 40 30
196 0 move 37 31
196 1 move 36 9
196 2 move 19 38
196 3 move 33 2
196 4 move 41 30
197 0 move 37 30
197 1 move 35 9
197 2 move 19 39
197 3 move 33 3
197 4 move 42 30
198 0 move 37 29
198 1 move 34 9
198 2 fulfill 19 39
198 3 move 33 4
198 4 move 43 30
199 0 move 37 28
199 1 move 33 9
199 2 move 19 38
199 3 move 33 5
199 4 move 44 30
200 0 pick 38 28
200 1 pick 32 9
200 2 move 19 37
200 3 move 34 5
200 4 move 44 31
201 0 pick 38 28
201 1 move 33 8
201 2 move 19 36
201 3 move 35 5
201 4 move 44 32
202 0 pick 38 28
202 1 move 33 7
202 2 move 19 35
202 3 move 36 5
202 4 move 45 32
203 0 move 37 27
203 1 move 33 6
203 2 move 19 34
203 3 move 37 5
203 4 move 46 32
204 0 move 37 26
204 1 move 33 5
204 2 move 19 33
204 3 pick 38 5
204 4 move 47 32
205 0 move 37 25
205 1 move 32 5
205 2 move 19 32
205 3 pick 38 5
205 4 move 47 31
206 0 move 37 24
206 1 move 31 5
206 2 move 19 31
206 3 move 37 6
206 4 move 47 30
207 0 move 37 23
207 1 move 30 5
207 2 pick 18 31
207 3 move 37 7
207 4 pick 46 30
208 0 move 37 22
208 1 move 29 5
208 2 move 19 30
208 3 move 37 8
208 4 move 47 31
209 0 move 37 21
209 1 move 28 5
209 2 move 19 29
209 3 move 37 9
209 4 move 47 32
210 0 move 38 21
210 1 move 27 5
210 2 move 19 28
210 3 pick 38 9
210 4 move 47 33
211 0 move 39 21
211 1 move 26 5
211 2 move 19 27
211 3 move 37 10
211 4 move 47 34
212 0 move 40 21
212 1 move 26 6
212 2 pick 18 27
212 3 pick 38 10
212 4 move 47 35
213 0 move 40 22
213 1 move 26 7
213 2 pick 18 27
213 3 move 37 11
213 4 move 47 36
214 0 move 40 23
214 1 move 26 8
214 2 pick 18 27
214 3 move 37 12
214 4 move 47 37
215 0 move 40 24
215 1 pick 25 8
215 2 pick 18 27
215 3 move 37 13
215 4 move 47 38
216 0 move 40 25
216 1 pick 25 8
216 2 pick 18 27
216 3 move 37 14
216 4 move 47 39
217 0 move 40 26
217 1 pick 25 8
217 2 pick 18 27
217 3 move 37 15
217 4 fulfill 47 39
218 0 move 40 27
218 1 pick 25 8
218 2 move 19 28
218 3 move 37 16
218 4 move 46 39
219 0 move 40 28
219 1 pick 25 8
219 2 move 19 29
219 3 move 38 16
219 4 move 45 39
220 0 pick 39 28
220 1 pick 25 8
220 2 move 19 30
220 3 move 39 16
220 4 move 44 39
221 0 pick 39 28
221 1 pick 25 8
221 2 move 19 31
221 3 move 40 16
221 4 move 43 39
222 0 pick 39 28
222 1 move 26 7
222 2 move 19 32
222 3 move 40 15
222 4 move 42 39
223 0 move 40 29
223 1 move 26 6
223 2 move 18 32
223 3 move 40 14
223 4 move 41 39
224 0 pick 39 29
224 1 move 26 5
224 2 move 17 32
224 3 move 40 13
224 4 move 40 39
225 0 move 40 30
225 1 move 26 4
225 2 move 16 32
225 3 move 40 12
225 4 move 39 39
226 0 move 40 31
226 1 move 26 3
226 2 move 16 31
226 3 move 40 11
226 4 move 39 38
227 0 move 40 32
227 1 move 26 2
227 2 move 16 30
227 3 pick 39 11
227 4 move 39 37
228 0 move 40 33
228 1 move 26 1
228 2 move 16 29
228 3 move 40 10
228 4 move 39 36
229 0 move 40 34
229 1 move 26 0
229 2 move 16 28
229 3 move 40 9
229 4 move 39 35
230 0 move 40 35
230 1 fulfill 26 0
230 2 move 16 27
230 3 move 40 8
230 4 pick 38 35
231 0 move 40 36
231 1 move 26 1
231 2 pick 17 27
231 3 pick 39 8
231 4 move 40 35
232 0 move 40 37
232 1 move 26 2
232 2 move 16 28
232 3 move 40 7
232 4 move 40 34
233 0 move 40 38
233 1 move 26 3
233 2 move 16 29
233 3 move 40 6
233 4 move 40 33
234 0 move 40 39
234 1 move 26 4
234 2 pick 17 29
234 3 move 40 5
234 4 move 40 32
235 0 fulfill 40 39
235 1 move 26 5
235 2 move 16 30
235 3 move 40 4
235 4 move 40 31
236 0 move 39 39
236 1 move 26 6
236 2 move 16 31
236 3 move 40 3
236 4 move 40 30
237 0 move 39 38
237 1 move 26 7
237 2 move 16 32
237 3 move 40 2
237 4 move 40 29
238 0 move 39 37
238 1 move 26 8
238 2 move 16 33
238 3 move 40 1
238 4 pick 39 29
239 0 move 39 36
239 1 pick 25 8
239 2 move 16 34
239 3 move 40 0
239 4 move 40 28
240 0 move 39 35
240 1 pick 25 8
240 2 move 16 35
240 3 fulfill 40 0
240 4 pick 39 28
241 0 pick 38 35
241 1 pick 25 8
241 2 move 16 36
241 3 move 40 1
241 4 move 40 27
242 0 move 39 36
242 1 move 26 9
242 2 move 16 37
242 3 move 40 2
242 4 move 40 26
243 0 move 38 36
243 1 move 26 10
243 2 move 16 38
243 3 pick 39 2
243 4 pick 39 26
244 0 move 37 36
244 1 move 26 11
244 2 move 16 39
244 3 move 40 3
244 4 move 40 25
245 0 move 37 35
245 1 pick 25 11
245 2 fulfill 16 39
245 3 move 40 4
245 4 move 40 24
246 0 move 37 34
246 1 move 26 12
246 2 move 16 38
246 3 move 40 5
246 4 pick 39 24
247 0 move 37 33
247 1 move 26 13
247 2 move 16 37
247 3 move 40 6
247 4 move 40 23
248 0 move 37 32
248 1 move 26 14
248 2 move 16 36
248 3 pick 39 6
248 4 move 40 22
249 0 move 38 32
249 1 pick 25 14
249 2 move 16 35
249 3 move 40 7
249 4 move 40 21
250 0 pick 39 32
250 1 pick 25 14
250 2 move 16 34
250 3 move 40 8
250 4 move 39 21
251 0 move 37 32
251 1 move 27 14
251 2 pick 17 34
251 3 pick 39 8
251 4 move 38 21
252 0 move 37 31
252 1 move 28 14
252 2 move 16 33
252 3 pick 39 8
252 4 move 37 21
253 0 move 37 30
253 1 move 29 14
253 2 move 16 32
253 3 pick 39 8
253 4 move 36 21
254 0 move 37 29
254 1 move 30 14
254 2 move 16 31
254 3 move 40 9
254 4 move 35 21
255 0 pick 38 29
255 1 pick 31 14
255 2 move 16 30
255 3 move 40 10
255 4 move 34 21
256 0 move 37 28
256 1 pick 31 14
256 2 move 16 29
256 3 move 40 11
256 4 move 33 21
257 0 move 37 27
257 1 pick 31 14
257 2 move 16 28
257 3 pick 39 11
257 4 move 32 21
258 0 move 37 26
258 1 pick 31 14
258 2 pick 17 28
258 3 pick 39 11
258 4 move 31 21
259 0 move 37 25
259 1 move 30 15
259 2 move 16 29
259 3 pick 39 11
259 4 move 30 21
260 0 move 37 24
260 1 move 30 16
260 2 move 16 30
260 3 pick 39 11
260 4 move 30 22
261 0 move 37 23
261 1 move 31 16
261 2 move 16 31
261 3 pick 39 11
261 4 move 30 23
262 0 move 37 22
262 1 move 32 16
262 2 move 16 32
262 3 pick 39 11
262 4 pick 31 23
263 0 move 37 21
263 1 move 33 16
263 2 move 17 32
263 3 move 40 12
263 4 move 30 24
264 0 move 38 21
264 1 move 33 15
264 2 move 18 32
264 3 move 40 13
264 4 move 30 25
265 0 move 39 21
265 1 move 33 14
265 2 move 19 32
265 3 move 40 14
265 4 move 30 26
266 0 move 40 21
266 1 pick 32 14
266 2 move 19 31
266 3 pick 39 14
266 4 move 30 27
267 0 move 40 22
267 1 move 33 13
267 2 move 19 30
267 3 pick 39 14
267 4 move 30 28
268 0 move 40 23
268 1 move 33 12
268 2 move 19 29
268 3 move 40 15
268 4 move 30 29
269 0 move 40 24
269 1 move 33 11
269 2 move 19 28
269 3 move 40 16
269 4 move 30 30
270 0 move 40 25
270 1 move 33 10
270 2 move 19 27
270 3 move 39 16
270 4 move 30 31
271 0 move 40 26
271 1 move 33 9
271 2 pick 18 27
271 3 move 38 16
271 4 move 30 32
272 0 move 40 27
272 1 move 33 8
272 2 pick 18 27
272 3 move 37 16
272 4 move 30 33
273 0 move 40 28
273 1 move 33 7
273 2 pick 18 27
273 3 move 37 15
273 4 move 30 34
274 0 pick 39 28
274 1 move 33 6
274 2 move 19 28
274 3 move 37 14
274 4 move 30 35
275 0 pick 39 28
275 1 move 33 5
275 2 move 19 29
275 3 move 37 13
275 4 move 30 36
276 0 pick 39 28
276 1 move 33 4
276 2 move 20 29
276 3 move 37 12
276 4 move 30 37
277 0 move 40 29
277 1 move 33 3
277 2 move 21 29
277 3 move 37 11
277 4 move 30 38
278 0 move 40 30
278 1 move 33 2
278 2 move 22 29
278 3 move 37 10
278 4 move 30 39
279 0 move 40 31
279 1 move 33 1
279 2 move 23 29
279 3 move 37 9
279 4 fulfill 30 39
280 0 move 40 32
280 1 move 33 0
280 2 pick 24 29
280 3 move 37 8
280 4 move 30 38
281 0 move 40 33
281 1 fulfill 33 0
281 2 move 23 30
281 3 move 37 7
281 4 move 30 37
282 0 move 40 34
282 1 move 33 1
282 2 move 23 31
282 3 pick 38 7
282 4 move 30 36
283 0 move 40 35
283 1 move 33 2
283 2 move 23 32
283 3 move 37 6
283 4 move 30 35
284 0 move 40 36
284 1 move 33 3
284 2 move 23 33
284 3 move 37 5
284 4 move 30 34
285 0 move 40 37
285 1 move 33 4
285 2 move 23 34
285 3 move 37 4
285 4 move 30 33
286 0 move 40 38
286 1 move 33 5
286 2 move 23 35
286 3 move 37 3
286 4 move 30 32
287 0 move 40 39
287 1 move 33 6
287 2 move 23 36
287 3 move 37 2
287 4 move 30 31
288 0 fulfill 40 39
288 1 move 33 7
288 2 move 23 37
288 3 move 37 1
288 4 pick 31 31
289 0 move 40 38
289 1 move 33 8
289 2 move 23 38
289 3 move 37 0
289 4 move 29 31
290 0 move 40 37
290 1 move 33 9
290 2 move 23 39
290 3 fulfill 37 0
290 4 move 28 31
291 0 move 40 36
291 1 pick 32 9
291 2 fulfill 23 39
291 3 move 37 1
291 4 move 27 31
292 0 move 40 35
292 1 pick 32 9
292 2 move 23 38
292 3 move 37 2
292 4 move 26 31
293 0 move 40 34
293 1 move 34 9
293 2 move 23 37
293 3 move 37 3
293 4 pick 25 31
294 0 move 40 33
294 1 move 35 9
294 2 move 23 36
294 3 move 37 4
294 4 move 26 32
295 0 move 40 32
295 1 move 36 9
295 2 move 23 35
295 3 move 38 4
295 4 move 25 32
296 0 move 40 31
296 1 move 37 9
296 2 move 23 34
296 3 move 39 4
296 4 move 24 32
297 0 move 40 30
297 1 pick 38 9
297 2 move 23 33
297 3 pick 39 5
297 4 move 23 32
298 0 move 40 29
298 1 move 37 8
298 2 move 23 32
298 3 move 38 4
298 4 move 22 32
299 0 pick 39 29
299 1 move 37 7
299 2 move 24 32
299 3 move 37 4
299 4 move 21 32
300 0 pick 39 29
300 1 move 37 6
300 2 move 25 32
300 3 move 37 5
300 4 move 20 32
301 0 pick 39 29
301 1 move 37 5
301 2 move 26 32
301 3 move 37 6
301 4 move 19 32
302 0 move 40 28
302 1 move 37 4
302 2 move 26 31
302 3 move 37 7
302 4 move 19 31
303 0 pick 39 28
303 1 move 38 4
303 2 move 26 30
303 3 move 37 8
303 4 move 19 30
304 0 pick 39 28
304 1 move 39 4
304 2 move 26 29
304 3 move 37 9
304 4 pick 18 30
305 0 move 40 27
305 1 move 40 4
305 2 move 26 28
305 3 pick 38 9
305 4 move 19 29
306 0 move 40 26
306 1 move 40 5
306 2 pick 25 28
306 3 move 37 8
306 4 move 19 28
307 0 move 40 25
307 1 move 40 6
307 2 move 26 27
307 3 move 37 7
307 4 move 19 27
308 0 move 40 24
308 1 move 40 7
308 2 move 26 26
308 3 move 37 6
308 4 pick 18 27
309 0 move 40 23
309 1 move 40 8
309 2 pick 25 26
309 3 move 37 5
309 4 pick 18 27
310 0 move 40 22
310 1 move 40 9
310 2 move 26 25
310 3 move 37 4
310 4 pick 18 27
311 0 move 40 21
311 1 move 40 10
311 2 move 26 24
311 3 move 38 4
311 4 pick 18 27
312 0 move 39 21
312 1 move 40 11
312 2 move 27 24
312 3 move 39 4
312 4 pick 18 27
313 0 move 38 21
313 1 pick 39 11
313 2 move 28 24
313 3 move 40 4
313 4 move 19 28
314 0 move 37 21
314 1 pick 39 11
314 2 move 29 24
314 3 move 40 5
314 4 move 19 29
315 0 move 37 22
315 1 move 40 12
315 2 move 30 24
315 3 move 40 6
315 4 move 19 30
316 0 move 37 23
316 1 move 40 13
316 2 pick 31 24
316 3 move 40 7
316 4 move 19 31
317 0 move 37 24
317 1 pick 39 13
317 2 pick 31 24
317 3 move 40 8
317 4 move 19 32
318 0 move 37 25
318 1 move 40 12
318 2 pick 31 24
318 3 move 40 9
318 4 move 19 33
319 0 move 37 26
319 1 move 40 11
319 2 pick 31 24
319 3 move 40 10
319 4 move 19 34
320 0 move 37 27
320 1 move 40 10
320 2 move 30 25
320 3 move 40 11
320 4 move 19 35
321 0 move 37 28
321 1 move 40 9
321 2 move 30 26
321 3 pick 39 11
321 4 move 19 36
322 0 pick 38 28
322 1 move 40 8
322 2 move 30 27
322 3 pick 39 11
322 4 move 19 37
323 0 pick 38 28
323 1 move 40 7
323 2 move 30 28
323 3 pick 39 11
323 4 move 19 38
324 0 pick 38 28
324 1 move 40 6
324 2 move 30 29
324 3 pick 39 11
324 4 move 19 39
325 0 move 37 29
325 1 move 40 5
325 2 move 30 30
325 3 move 40 12
325 4 fulfill 19 39
326 0 move 37 30
326 1 move 40 4
326 2 move 30 31
326 3 move 40 13
326 4 move 19 38
327 0 pick 38 30
327 1 move 40 3
327 2 move 30 32
327 3 move 40 14
327 4 move 19 37
328 0 move 37 29
328 1 move 40 2
328 2 move 30 33
328 3 move 40 15
328 4 move 19 36
329 0 move 37 28
329 1 move 40 1
329 2 move 30 34
329 3 move 40 16
329 4 move 19 35
330 0 move 37 27
330 1 move 40 0
330 2 move 30 35
330 3 move 39 16
330 4 move 19 34
331 0 move 37 26
331 1 fulfill 40 0
331 2 move 30 36
331 3 move 38 16
331 4 move 19 33
332 0 move 37 25
332 1 move 40 1
332 2 move 30 37
332 3 move 37 16
332 4 move 19 32
333 0 pick 38 25
333 1 move 40 2
333 2 move 30 38
333 3 move 36 16
333 4 move 19 31
334 0 move 37 26
334 1 move 40 3
334 2 move 30 39
334 3 move 35 16
334 4 move 19 30
335 0 move 37 27
335 1 move 40 4
335 2 fulfill 30 39
335 3 move 34 16
335 4 move 19 29
336 0 move 37 28
336 1 move 40 5
336 2 move 30 38
336 3 move 33 16
336 4 pick 18 29
337 0 move 37 29
337 1 pick 39 5
337 2 move 30 37
337 3 move 33 15
337 4 move 19 28
338 0 move 37 30
338 1 move 40 6
338 2 move 30 36
338 3 move 33 14
338 4 move 19 27
339 0 move 37 31
339 1 move 40 7
339 2 move 30 35
339 3 pick 32 14
339 4 pick 18 27
340 0 move 37 32
340 1 move 40 8
340 2 move 30 34
340 3 pick 32 14
340 4 pick 18 27
341 0 move 37 33
341 1 pick 39 8
341 2 move 30 33
341 3 move 33 13
341 4 pick 18 27
342 0 move 37 34
342 1 pick 39 8
342 2 move 30 32
342 3 move 33 12
342 4 pick 18 27
343 0 move 37 35
343 1 pick 39 8
343 2 move 31 32
343 3 move 33 11
343 4 pick 18 27
344 0 move 37 36
344 1 pick 39 8
344 2 move 32 32
344 3 move 33 10
344 4 pick 18 27
345 0 move 37 37
345 1 pick 39 8
345 2 move 33 32
345 3 move 33 9
345 4 move 19 26
346 0 move 37 38
346 1 move 40 9
346 2 move 33 31
346 3 move 33 8
346 4 pick 18 26
347 0 move 37 39
347 1 move 40 10
347 2 move 33 30
347 3 move 33 7
347 4 move 19 25
348 0 fulfill 37 39
348 1 move 40 11
348 2 pick 32 30
348 3 move 33 6
348 4 move 19 24
349 0 move 37 38
349 1 pick 39 11
349 2 move 33 29
349 3 move 33 5
349 4 move 19 23
350 0 move 37 37
350 1 pick 39 11
350 2 move 33 28
350 3 move 33 4
350 4 move 19 22
351 0 move 37 36
351 1 pick 39 11
351 2 pick 32 28
351 3 move 33 3
351 4 move 19 21
352 0 move 37 35
352 1 move 40 10
352 2 move 33 27
352 3 move 33 2
352 4 move 18 21
353 0 move 37 34
353 1 move 40 9
353 2 pick 32 27
353 3 move 33 1
353 4 move 17 21
354 0 move 37 33
354 1 move 40 8
354 2 pick 32 27
354 3 move 33 0
354 4 move 16 21
355 0 move 37 32
355 1 move 40 7
355 2 pick 32 27
355 3 fulfill 33 0
355 4 move 16 22
356 0 move 37 31
356 1 move 40 6
356 2 move 33 28
356 3 move 32 0
356 4 move 16 23
357 0 move 37 30
357 1 move 40 5
357 2 move 33 29
357 3 move 31 0
357 4 move 16 24
358 0 move 37 29
358 1 move 40 4
358 2 move 33 30
358 3 move 31 1
358 4 move 16 25
359 0 pick 38 29
359 1 move 39 4
359 2 move 33 31
359 3 move 31 2
359 4 move 16 26
360 0 move 37 28
360 1 move 38 4
360 2 move 33 32
360 3 move 31 3
360 4 move 16 27
361 0 pick 38 28
361 1 move 37 4
361 2 move 32 32
361 3 move 31 4
361 4 pick 17 27
362 0 move 37 27
362 1 move 37 5
362 2 move 31 32
362 3 move 31 5
362 4 move 16 28
363 0 move 37 26
363 1 move 37 6
363 2 move 30 32
363 3 pick 31 6
363 4 move 16 29
364 0 move 37 25
364 1 move 37 7
364 2 move 30 31
364 3 move 30 5
364 4 pick 17 29
365 0 move 37 24
365 1 move 37 8
365 2 move 30 30
365 3 move 30 6
365 4 pick 17 29
366 0 move 37 23
366 1 move 37 9
366 2 move 30 29
366 3 move 30 7
366 4 pick 17 29
367 0 move 37 22
367 1 pick 38 9
367 2 move 30 28
367 3 pick 31 7
367 4 move 16 30
368 0 move 37 21
368 1 move 37 8
368 2 move 30 27
368 3 move 30 8
368 4 move 16 31
369 0 move 38 21
369 1 move 37 7
369 2 pick 31 27
369 3 move 30 9
369 4 move 16 32
370 0 move 39 21
370 1 move 37 6
370 2 move 29 27
370 3 pick 31 9
370 4 move 16 33
371 0 move 40 21
371 1 move 37 5
371 2 move 28 27
371 3 pick 31 9
371 4 move 16 34
372 0 move 40 22
372 1 pick 38 5
372 2 move 27 27
372 3 pick 31 9
372 4 move 16 35
373 0 move 40 23
373 1 move 36 5
373 2 move 26 27
373 3 pick 31 9
373 4 move 16 36
374 0 move 40 24
374 1 move 35 5
374 2 move 26 26
374 3 pick 31 9
374 4 move 16 37
375 0 move 40 25
375 1 move 34 5
375 2 move 26 25
375 3 pick 31 9
375 4 move 16 38
376 0 move 40 26
376 1 move 33 5
376 2 pick 25 25
376 3 move 30 10
376 4 move 16 39
377 0 move 40 27
377 1 move 32 5
377 2 move 26 26
377 3 move 30 11
377 4 fulfill 16 39
378 0 move 40 28
378 1 move 31 5
378 2 move 26 27
378 3 pick 31 11
378 4 move 16 38
379 0 pick 39 28
379 1 move 30 5
379 2 move 26 28
379 3 move 30 12
379 4 move 16 37
380 0 pick 39 28
380 1 move 30 6
380 2 move 26 29
380 3 move 30 13
380 4 move 16 36
381 0 pick 39 28
381 1 move 30 7
381 2 move 26 30
381 3 move 30 14
381 4 move 17 36
382 0 move 40 29
382 1 move 30 8
382 2 move 26 31
382 3 move 30 15
382 4 move 18 36
383 0 pick 39 29
383 1 pick 31 8
383 2 move 26 32
383 3 pick 31 15
383 4 move 18 35
384 0 pick 39 29
384 1 move 30 7
384 2 move 26 33
384 3 move 30 16
384 4 pick 18 34
385 0 pick 39 29
385 1 move 30 6
385 2 move 26 34
385 3 move 30 17
385 4 move 19 35
386 0 pick 39 29
386 1 move 30 5
386 2 move 26 35
386 3 move 30 18
386 4 move 19 34
387 0 pick 39 29
387 1 move 30 4
387 2 move 26 36
387 3 move 30 19
387 4 move 19 33
388 0 move 40 28
388 1 move 30 3
388 2 move 26 37
388 3 move 30 20
388 4 move 19 32
389 0 move 40 27
389 1 move 30 2
389 2 move 26 38
389 3 move 30 21
389 4 move 19 31
390 0 move 41 27
390 1 move 30 1
390 2 move 26 39
390 3 move 30 22
390 4 move 19 30
391 0 move 42 27
391 1 move 30 0
391 2 fulfill 26 39
391 3 pick 31 22
391 4 pick 18 30
392 0 move 43 27
392 1 fulfill 30 0
392 2 move 26 38
392 3 pick 31 22
392 4 move 19 29
393 0 move 44 27
393 1 move 30 1
393 2 move 26 37
393 3 move 30 23
393 4 pick 18 29
394 0 pick 45 27
394 1 move 30 2
394 2 move 26 36
394 3 move 30 24
394 4 move 19 28
395 0 pick 45 27
395 1 move 30 3
395 2 move 26 35
395 3 move 30 25
395 4 move 19 27
396 0 move 44 28
396 1 move 30 4
396 2 move 26 34
396 3 move 30 26
396 4 pick 18 27
397 0 move 44 29
397 1 move 30 5
397 2 move 26 33
397 3 move 30 27
397 4 pick 18 27
398 0 move 44 30
398 1 move 30 6
398 2 move 26 32
398 3 move 30 28
398 4 pick 18 27
399 0 move 44 31
399 1 move 30 7
399 2 move 26 31
399 3 move 30 29
399 4 move 19 28
400 0 move 44 32
400 1 pick 31 7
400 2 pick 25 31
400 3 move 30 30
400 4 move 19 29
401 0 move 45 32
401 1 move 30 8
401 2 pick 25 31
401 3 move 30 31
401 4 move 19 30
402 0 move 46 32
402 1 pick 31 8
402 2 move 26 30
402 3 move 30 32
402 4 move 19 31
403 0 move 47 32
403 1 move 30 9
403 2 move 26 29
403 3 move 30 33
403 4 move 19 32
404 0 move 47 31
404 1 pick 31 9
404 2 move 26 28
404 3 move 30 34
404 4 move 18 32
405 0 move 47 30
405 1 move 29 9
405 2 pick 25 28
405 3 move 30 35
405 4 move 17 32
406 0 move 47 29
406 1 move 28 9
406 2 pick 25 28
406 3 move 30 36
406 4 move 16 32
407 0 move 47 28
407 1 move 27 9
407 2 move 26 27
407 3 move 30 37
407 4 move 16 31
408 0 pick 46 28
408 1 move 26 9
408 2 move 26 26
408 3 move 30 38
408 4 move 16 30
409 0 move 47 29
409 1 move 26 8
409 2 pick 25 26
409 3 move 30 39
409 4 move 16 29
410 0 move 47 30
410 1 pick 25 8
410 2 move 26 25
410 3 fulfill 30 39
410 4 move 16 28
411 0 pick 46 30
411 1 pick 25 8
411 2 move 26 24
411 3 move 29 39
411 4 move 16 27
412 0 move 47 31
412 1 pick 25 8
412 2 move 27 24
412 3 move 28 39
412 4 pick 17 27
413 0 move 47 32
413 1 pick 25 8
413 2 move 28 24
413 3 move 27 39
413 4 pick 17 27
414 0 move 47 33
414 1 pick 25 8
414 2 move 29 24
414 3 move 26 39
414 4 move 16 28
415 0 move 47 34
415 1 move 26 7
415 2 move 30 24
415 3 move 26 38
415 4 move 16 29
416 0 move 47 35
416 1 move 26 6
416 2 pick 31 24
416 3 move 26 37
416 4 move 16 30
417 0 move 47 36
417 1 move 26 5
417 2 pick 31 24
417 3 move 26 36
417 4 move 16 31
418 0 move 47 37
418 1 move 25 5
418 2 move 30 23
418 3 move 26 35
418 4 move 16 32
419 0 move 47 38
419 1 move 24 5
419 2 move 30 22
419 3 move 26 34
419 4 move 16 33
420 0 move 47 39
420 1 move 23 5
420 2 move 30 21
420 3 move 26 33
420 4 move 16 34
421 0 fulfill 47 39
421 1 move 23 6
421 2 move 31 21
421 3 move 26 32
421 4 move 16 35
422 0 move 47 38
422 1 move 23 7
422 2 move 32 21
422 3 move 26 31
422 4 move 16 36
423 0 move 47 37
423 1 move 23 8
423 2 move 33 21
423 3 pick 25 31
423 4 move 16 37
424 0 move 47 36
424 1 pick 24 8
424 2 move 34 21
424 3 pick 25 31
424 4 move 16 38
425 0 move 47 35
425 1 move 23 7
425 2 move 35 21
425 3 move 26 30
425 4 move 16 39
426 0 move 47 34
426 1 move 23 6
426 2 move 36 21
426 3 move 26 29
426 4 fulfill 16 39
427 0 move 47 33
427 1 move 23 5
427 2 move 37 21
427 3 move 26 28
427 4 move 16 38
428 0 move 47 32
428 1 move 23 4
428 2 move 38 21
428 3 pick 25 28
428 4 move 16 37
429 0 move 47 31
429 1 move 23 3
429 2 move 39 21
429 3 move 26 29
429 4 move 16 36
430 0 pick 46 31
430 1 move 23 2
430 2 move 40 21
430 3 move 27 29
430 4 move 16 35
431 0 move 47 32
431 1 move 23 1
431 2 move 40 22
431 3 move 28 29
431 4 move 16 34
432 0 move 46 32
432 1 move 23 0
432 2 move 40 23
432 3 move 29 29
432 4 move 16 33
433 0 move 45 32
433 1 fulfill 23 0
433 2 move 40 24
433 3 move 30 29
433 4 pick 17 33
434 0 move 44 32
434 1 move 23 1
434 2 move 40 25
434 3 move 30 30
434 4 move 16 32
435 0 move 44 31
435 1 move 23 2
435 2 move 40 26
435 3 move 30 31
435 4 move 16 31
436 0 move 44 30
436 1 move 23 3
436 2 pick 39 26
436 3 move 30 32
436 4 move 16 30
437 0 move 44 29
437 1 move 23 4
437 2 move 40 27
437 3 move 31 32
437 4 move 16 29
438 0 move 44 28
438 1 move 23 5
438 2 move 40 28
438 3 move 32 32
438 4 pick 17 29
439 0 pick 45 28
439 1 move 23 6
439 2 move 40 29
439 3 move 33 32
439 4 pick 17 29
440 0 move 43 28
440 1 move 23 7
440 2 move 40 30
440 3 move 33 31
440 4 move 16 28
441 0 move 42 28
441 1 move 23 8
441 2 move 40 31
441 3 move 33 30
441 4 pick 17 28
442 0 move 41 28
442 1 move 23 9
442 2 move 40 32
442 3 move 33 29
442 4 pick 17 28
443 0 move 40 28
443 1 pick 24 9
443 2 move 40 33
443 3 pick 32 29
443 4 move 16 29
444 0 pick 39 28
444 1 move 23 10
444 2 move 40 34
444 3 move 33 28
444 4 move 16 30
445 0 pick 39 28
445 1 move 23 11
445 2 move 40 35
445 3 move 33 27
445 4 move 16 31
446 0 move 40 29
446 1 move 23 12
446 2 move 40 36
446 3 pick 32 27
446 4 move 16 32
447 0 pick 39 29
447 1 pick 24 12
447 2 move 40 37
447 3 move 33 28
447 4 move 17 32
448 0 pick 39 29
448 1 pick 24 12
448 2 move 40 38
448 3 move 33 29
448 4 move 18 32
449 0 move 40 30
449 1 pick 24 12
449 2 move 40 39
449 3 move 33 30
449 4 move 19 32
450 0 pick 39 30
450 1 pick 24 12
450 2 fulfill 40 39
450 3 move 33 31
450 4 move 19 31
451 0 move 40 31
451 1 pick 24 12
451 2 move 39 39
451 3 move 33 32
451 4 move 19 30
452 0 move 40 32
452 1 pick 24 12
452 2 move 38 39
452 3 move 33 33
452 4 move 19 29
453 0 move 40 33
453 1 move 22 12
453 2 move 38 38
453 3 move 33 34
453 4 move 19 28
454 0 move 40 34
454 1 move 21 12
454 2 move 38 37
454 3 move 33 35
454 4 move 19 27
455 0 move 40 35
455 1 move 20 12
455 2 move 38 36
455 3 move 33 36
455 4 pick 18 27
456 0 move 39 35
456 1 move 19 12
456 2 move 37 36
456 3 move 33 37
456 4 pick 18 27
457 0 move 39 36
457 1 pick 18 12
457 2 move 37 35
457 3 move 33 38
457 4 pick 18 27
458 0 move 38 36
458 1 move 19 13
458 2 move 37 34
458 3 move 33 39
458 4 pick 18 27
459 0 move 37 36
459 1 move 19 14
459 2 move 37 33
459 3 fulfill 33 39
459 4 move 19 26
460 0 move 37 35
460 1 move 19 15
460 2 move 37 32
460 3 move 32 39
460 4 pick 18 26
461 0 move 37 34
461 1 move 19 16
461 2 move 38 32
461 3 move 31 39
461 4 pick 18 26
462 0 move 37 33
462 1 move 19 17
462 2 pick 38 31
462 3 move 31 38
462 4 pick 18 26
463 0 move 37 32
463 1 move 19 18
463 2 move 38 33
463 3 move 31 37
463 4 move 19 25
464 0 move 37 31
464 1 move 19 19
464 2 move 37 33
464 3 move 31 36
464 4 pick 18 25
465 0 pick 38 31
465 1 move 19 20
465 2 move 37 34
465 3 move 31 35
465 4 move 19 26
466 0 move 37 32
466 1 move 19 21
466 2 move 37 35
466 3 move 31 34
466 4 move 19 27
467 0 move 37 33
467 1 move 19 22
467 2 move 37 36
467 3 move 31 33
467 4 move 19 28
468 0 move 37 34
468 1 move 20 22
468 2 move 38 36
468 3 move 31 32
468 4 move 19 29
469 0 move 37 35
469 1 move 21 22
469 2 move 39 36
469 3 pick 31 31
469 4 move 19 30
470 0 move 37 36
470 1 move 22 22
470 2 move 39 35
470 3 move 30 32
470 4 move 19 31
471 0 move 37 37
471 1 move 23 22
471 2 move 40 35
471 3 move 30 31
471 4 move 19 32
472 0 move 37 38
472 1 pick 24 22
472 2 move 40 34
472 3 move 30 30
472 4 move 19 33
473 0 move 37 39
473 1 move 23 23
473 2 move 40 33
473 3 move 30 29
473 4 move 19 34
474 0 fulfill 37 39
474 1 move 23 24
474 2 move 40 32
474 3 pick 31 29
474 4 move 19 35
475 0 move 37 38
475 1 move 23 25
475 2 move 40 31
475 3 move 30 28
475 4 move 19 36
476 0 move 37 37
476 1 move 23 26
476 2 move 40 30
476 3 move 30 27
476 4 move 19 37
477 0 move 37 36
477 1 move 23 27
477 2 move 40 29
477 3 pick 31 27
477 4 move 19 38
478 0 move 37 35
478 1 move 23 28
478 2 pick 39 29
478 3 pick 31 27
478 4 move 19 39
479 0 move 37 34
479 1 move 23 29
479 2 pick 39 29
479 3 move 30 26
479 4 fulfill 19 39
480 0 move 37 33
480 1 move 23 30
480 2 pick 39 29
480 3 move 30 25
480 4 move 19 38
481 0 move 37 32
481 1 move 23 31
481 2 move 40 28
481 3 move 30 24
481 4 move 19 37
482 0 move 37 31
482 1 move 23 32
482 2 pick 39 28
482 3 pick 31 24
482 4 move 19 36
483 0 pick 38 31
483 1 move 23 33
483 2 pick 39 28
483 3 move 29 24
483 4 move 19 35
484 0 move 37 32
484 1 move 23 34
484 2 pick 39 28
484 3 move 28 24
484 4 move 19 34
485 0 move 37 33
485 1 move 23 35
485 2 move 40 27
485 3 move 27 24
485 4 move 19 33
486 0 move 37 34
486 1 move 23 36
486 2 pick 39 27
486 3 move 26 24
486 4 move 19 32
487 0 move 37 35
487 1 move 23 37
487 2 move 40 26
487 3 move 26 25
487 4 move 19 31
488 0 move 37 36
488 1 move 23 38
488 2 pick 39 26
488 3 pick 25 25
488 4 move 19 30
489 0 move 38 36
489 1 move 23 39
489 2 move 40 25
489 3 pick 25 25
489 4 move 19 29
490 0 move 39 36
490 1 fulfill 23 39
490 2 move 40 24
490 3 pick 25 25
490 4 pick 18 29
491 0 move 39 35
491 1 move 22 39
491 2 pick 39 24
491 3 pick 25 25
491 4 move 19 28
492 0 move 40 35
492 1 move 21 39
492 2 move 40 25
492 3 pick 25 25
492 4 move 19 27
493 0 move 40 34
493 1 move 20 39
493 2 move 40 26
493 3 pick 25 25
493 4 pick 18 27
494 0 move 40 33
494 1 move 20 38
494 2 move 40 27
494 3 pick 25 25
494 4 pick 18 27
495 0 move 40 32
495 1 move 20 37
495 2 move 40 28
495 3 move 26 26
495 4 pick 18 27
496 0 move 40 31
496 1 move 20 36
496 2 move 40 29
496 3 pick 25 26
496 4 pick 18 27
497 0 pick 39 31
497 1 move 20 35
497 2 move 40 30
497 3 move 26 25
497 4 move 19 28
498 0 move 40 30
498 1 move 20 34
498 2 move 40 31
498 3 move 26 24
498 4 move 19 29
499 0 move 40 29
499 1 move 20 33
499 2 move 40 32
499 3 move 26 23
499 4 move 19 30
500 0 pick 39 29
500 1 move 20 32
500 2 move 40 33
500 3 move 26 22
500 4 move 19 31
501 0 move 40 28
501 1 move 20 31
501 2 move 40 34
501 3 move 26 21
501 4 move 19 32
502 0 pick 39 28
502 1 move 19 31
502 2 move 40 35
502 3 move 26 20
502 4 move 18 32
503 0 pick 39 28
503 1 move 19 30
503 2 move 40 36
503 3 move 26 19
503 4 move 17 32
504 0 pick 39 28
504 1 move 19 29
504 2 move 40 37
504 3 move 26 18
504 4 move 16 32
505 0 move 40 27
505 1 move 19 28
505 2 move 40 38
505 3 move 26 17
505 4 move 16 31
506 0 move 40 26
506 1 move 19 27
506 2 move 40 39
506 3 move 26 16
506 4 move 16 30
507 0 move 40 25
507 1 pick 18 27
507 2 fulfill 40 39
507 3 move 26 15
507 4 move 16 29
508 0 move 40 24
508 1 pick 18 27
508 2 move 40 38
508 3 move 26 14
508 4 move 16 28
509 0 move 40 23
509 1 pick 18 27
509 2 move 40 37
509 3 move 26 13
509 4 move 16 27
510 0 move 40 22
510 1 pick 18 27
510 2 move 40 36
510 3 pick 25 13
510 4 pick 17 27
511 0 move 40 21
511 1 pick 18 27
511 2 move 40 35
511 3 move 26 12
511 4 pick 17 27
512 0 move 39 21
512 1 move 19 26
512 2 move 40 34
512 3 move 26 11
512 4 move 16 28
513 0 move 38 21
513 1 move 19 25
513 2 move 40 33
513 3 move 26 10
513 4 move 16 29
514 0 move 37 21
514 1 move 19 24
514 2 move 40 32
514 3 move 26 9
514 4 pick 17 29
515 0 move 37 22
515 1 move 19 23
515 2 move 40 31
515 3 move 26 8
515 4 pick 17 29
516 0 move 37 23
516 1 move 19 22
516 2 move 40 30
516 3 move 26 7
516 4 move 16 28
517 0 move 37 24
517 1 move 19 21
517 2 move 40 29
517 3 move 26 6
517 4 move 16 27
518 0 move 37 25
518 1 move 19 20
518 2 pick 39 29
518 3 move 26 5
518 4 move 16 26
519 0 pick 38 25
519 1 move 19 19
519 2 pick 39 29
519 3 move 26 4
519 4 move 16 25
520 0 pick 38 25
520 1 move 19 18
520 2 move 40 28
520 3 move 26 3
520 4 move 16 24
521 0 move 37 26
521 1 move 19 17
521 2 pick 39 28
521 3 move 26 2
521 4 move 16 23
522 0 move 37 27
522 1 move 19 16
522 2 pick 39 28
522 3 move 26 1
522 4 move 16 22
523 0 move 37 28
523 1 move 19 15
523 2 pick 39 28
523 3 move 26 0
523 4 pick 17 22
524 0 move 37 29
524 1 move 19 14
524 2 pick 39 28
524 3 fulfill 26 0
524 4 move 15 22
525 0 move 37 30
525 1 move 19 13
525 2 move 40 27
525 3 move 26 1
525 4 move 14 22
526 0 move 37 31
526 1 move 19 12
526 2 move 40 26
526 3 move 26 2
526 4 move 13 22
527 0 move 37 32
527 1 pick 18 12
527 2 pick 39 26
527 3 move 26 3
527 4 move 12 22
528 0 move 37 33
528 1 move 19 11
528 2 move 40 25
528 3 move 26 4
528 4 pick 11 22
529 0 move 37 34
529 1 move 19 10
529 2 move 40 24
529 3 move 26 5
529 4 pick 11 22
530 0 move 37 35
530 1 move 19 9
530 2 move 40 23
530 3 move 26 6
530 4 move 12 21
531 0 move 37 36
531 1 move 19 8
531 2 move 40 22
531 3 move 26 7
531 4 move 11 21
532 0 move 37 37
532 1 move 19 7
532 2 move 40 21
532 3 pick 25 7
532 4 move 10 21
533 0 move 37 38
533 1 move 19 6
533 2 move 39 21
533 3 move 26 8
533 4 move 9 21
534 0 move 37 39
534 1 move 19 5
534 2 move 38 21
534 3 pick 25 8
534 4 move 8 21
535 0 fulfill 37 39
535 1 move 19 4
535 2 move 37 21
535 3 pick 25 8
535 4 move 7 21
536 0 move 37 38
536 1 move 19 3
536 2 move 37 22
536 3 move 26 9
536 4 move 6 21
537 0 move 37 37
537 1 move 19 2
537 2 move 37 23
537 3 move 26 10
537 4 move 5 21
538 0 move 37 36
538 1 move 19 1
538 2 move 37 24
538 3 move 26 11
538 4 move 4 21
539 0 move 37 35
539 1 move 19 0
539 2 move 37 25
539 3 move 26 12
539 4 move 3 21
540 0 pick 38 35
540 1 fulfill 19 0
540 2 pick 38 25
540 3 pick 25 12
540 4 move 2 21
541 0 move 37 34
541 1 move 19 1
541 2 move 36 25
541 3 move 26 13
541 4 move 1 21
542 0 move 37 33
542 1 move 19 2
542 2 move 35 25
542 3 move 26 14
542 4 move 0 21
543 0 move 37 32
543 1 move 19 3
543 2 move 34 25
543 3 move 26 15
543 4 move 0 22
544 0 move 37 31
544 1 move 19 4
544 2 move 33 25
544 3 move 27 15
544 4 fulfill 0 22
545 0 move 37 30
545 1 move 19 5
545 2 move 33 24
545 3 move 28 15
545 4 move 0 23
546 0 move 37 29
546 1 move 19 6
546 2 move 33 23
546 3 move 29 15
546 4 move 1 23
547 0 pick 38 29
547 1 move 20 6
547 2 move 33 22
547 3 move 30 15
547 4 move 2 23
548 0 pick 38 29
548 1 move 21 6
548 2 move 33 21
548 3 pick 31 15
548 4 move 3 23
549 0 move 37 28
549 1 move 22 6
549 2 move 32 21
549 3 move 30 16
549 4 move 4 23
550 0 pick 38 28
550 1 move 23 6
550 2 move 31 21
550 3 move 30 17
550 4 move 5 23
551 0 move 37 27
551 1 pick 24 6
551 2 move 30 21
551 3 move 30 18
551 4 move 6 23
552 0 move 37 26
552 1 move 23 5
552 2 move 30 22
552 3 move 30 19
552 4 move 7 23
553 0 move 37 25
553 1 move 24 5
553 2 move 30 23
553 3 move 30 20
553 4 move 8 23
554 0 move 37 24
554 1 move 25 5
554 2 pick 31 23
554 3 move 30 21
554 4 move 9 23
555 0 move 37 23
555 1 move 26 5
555 2 move 30 24
555 3 move 30 22
555 4 pick 10 23
556 0 move 37 22
556 1 move 26 6
556 2 move 30 25
556 3 move 30 23
556 4 pick 10 23
557 0 move 37 21
557 1 move 26 7
557 2 move 30 26
557 3 move 30 24
557 4 pick 10 23
558 0 move 38 21
558 1 move 26 8
558 2 move 30 27
558 3 move 30 25
558 4 move 9 24
559 0 move 39 21
559 1 pick 25 8
559 2 move 30 28
559 3 pick 31 25
559 4 pick 10 24
560 0 move 40 21
560 1 pick 25 8
560 2 move 30 29
560 3 move 29 25
560 4 move 9 23
561 0 move 40 22
561 1 pick 25 8
561 2 move 30 30
561 3 move 28 25
561 4 move 9 22
562 0 move 40 23
562 1 move 26 9
562 2 move 30 31
562 3 move 27 25
562 4 move 9 21
563 0 move 40 24
563 1 move 26 10
563 2 move 30 32
563 3 move 26 25
563 4 move 10 21
564 0 move 40 25
564 1 move 26 11
564 2 move 30 33
564 3 move 26 26
564 4 move 11 21
565 0 move 40 26
565 1 move 26 12
565 2 move 30 34
565 3 pick 25 26
565 4 move 12 21
566 0 move 40 27
566 1 move 26 13
566 2 move 30 35
566 3 move 26 27
566 4 move 12 22
567 0 move 40 28
567 1 move 26 14
567 2 move 30 36
567 3 move 26 28
567 4 move 12 23
568 0 pick 39 28
568 1 move 26 15
568 2 move 30 37
568 3 move 26 29
568 4 move 12 24
569 0 pick 39 28
569 1 pick 25 15
569 2 move 30 38
569 3 move 26 30
569 4 move 12 25
570 0 move 40 29
570 1 move 27 15
570 2 move 30 39
570 3 move 26 31
570 4 move 12 26
571 0 pick 39 29
571 1 move 28 15
571 2 fulfill 30 39
571 3 move 26 32
571 4 move 12 27
572 0 pick 39 29
572 1 move 29 15
572 2 move 30 38
572 3 move 26 33
572 4 move 13 27
573 0 pick 39 29
573 1 move 30 15
573 2 move 30 37
573 3 move 26 34
573 4 move 14 27
574 0 pick 39 29
574 1 pick 31 15
574 2 move 30 36
574 3 move 26 35
574 4 move 15 27
575 0 move 40 28
575 1 move 30 14
575 2 move 30 35
575 3 move 26 36
575 4 move 16 27
576 0 move 40 27
576 1 move 30 13
576 2 move 31 35
576 3 move 26 37
576 4 pick 17 27
577 0 move 40 26
577 1 move 30 12
577 2 move 32 35
577 3 move 26 38
577 4 pick 17 27
578 0 move 40 25
578 1 move 30 11
578 2 move 33 35
578 3 move 26 39
578 4 pick 17 27
579 0 move 40 24
579 1 move 30 10
579 2 move 34 35
579 3 fulfill 26 39
579 4 pick 17 27
580 0 move 40 23
580 1 move 30 9
580 2 move 35 35
580 3 move 26 38
580 4 pick 17 27
581 0 move 40 22
581 1 move 30 8
581 2 move 36 35
581 3 move 26 37
581 4 move 16 28
582 0 move 40 21
582 1 move 30 7
582 2 move 37 35
582 3 move 26 36
582 4 move 16 29
583 0 move 39 21
583 1 move 30 6
583 2 pick 38 35
583 3 move 26 35
583 4 move 16 30
584 0 move 38 21
584 1 move 30 5
584 2 move 37 34
584 3 move 26 34
584 4 move 16 31
585 0 move 37 21
585 1 move 30 4
585 2 move 37 33
585 3 move 26 33
585 4 move 16 32
586 0 move 37 22
586 1 move 30 3
586 2 move 38 33
586 3 move 26 32
586 4 move 17 32
587 0 move 37 23
587 1 move 30 2
587 2 pick 39 33
587 3 move 26 31
587 4 move 18 32
588 0 move 37 24
588 1 move 30 1
588 2 move 37 33
588 3 pick 25 31
588 4 move 19 32
589 0 move 37 25
589 1 move 30 0
589 2 move 37 32
589 3 move 26 30
589 4 move 19 31
590 0 pick 38 25
590 1 fulfill 30 0
590 2 move 37 31
590 3 move 26 29
590 4 move 19 30
591 0 pick 38 25
591 1 move 30 1
591 2 move 37 30
591 3 move 27 29
591 4 move 19 29
592 0 pick 38 25
592 1 move 30 2
592 2 move 37 29
592 3 move 28 29
592 4 move 19 28
593 0 move 37 26
593 1 move 30 3
593 2 move 37 28
593 3 move 29 29
593 4 move 19 27
594 0 move 37 27
594 1 move 30 4
594 2 pick 38 28
594 3 move 30 29
594 4 pick 18 27
595 0 move 37 28
595 1 move 30 5
595 2 move 37 27
595 3 pick 31 29
595 4 pick 18 27
596 0 move 37 29
596 1 move 30 6
596 2 move 37 26
596 3 move 30 30
596 4 pick 18 27
597 0 move 37 30
597 1 move 30 7
597 2 move 37 25
597 3 move 30 31
597 4 move 19 26
598 0 move 37 31
598 1 move 30 8
598 2 move 37 24
598 3 move 30 32
598 4 move 19 25
599 0 move 37 32
599 1 pick 31 8
599 2 move 37 23
599 3 move 31 32
599 4 move 19 24
600 0 move 37 33
600 1 move 30 9
600 2 move 37 22
600 3 move 32 32
600 4 move 19 23
601 0 move 37 34
601 1 pick 31 9
601 2 move 37 21
601 3 move 33 32
601 4 move 19 22
602 0 move 37 35
602 1 move 30 10
602 2 move 38 21
602 3 move 33 31
602 4 move 19 21
603 0 move 37 36
603 1 move 30 11
603 2 move 39 21
603 3 move 33 30
603 4 move 19 20
604 0 move 37 37
604 1 pick 31 11
604 2 move 40 21
604 3 pick 32 30
604 4 move 19 19
605 0 move 37 38
605 1 move 29 11
605 2 move 40 22
605 3 move 33 29
605 4 move 19 18
606 0 move 37 39
606 1 move 28 11
606 2 move 40 23
606 3 move 33 28
606 4 move 19 17
607 0 fulfill 37 39
607 1 move 27 11
607 2 move 40 24
607 3 move 33 27
607 4 move 19 16
608 0 move 37 38
608 1 move 26 11
608 2 move 40 25
608 3 pick 32 27
608 4 move 19 15
609 0 move 37 37
609 1 move 26 10
609 2 move 40 26
609 3 pick 32 27
609 4 move 19 14
610 0 move 37 36
610 1 move 26 9
610 2 move 40 27
610 3 pick 32 27
610 4 move 19 13
611 0 move 37 35
611 1 move 26 8
611 2 move 40 28
611 3 pick 32 27
611 4 move 19 12
612 0 move 37 34
612 1 pick 25 8
612 2 pick 39 28
612 3 move 33 28
612 4 pick 18 12
613 0 move 37 33
613 1 pick 25 8
613 2 pick 39 28
613 3 move 33 29
613 4 move 19 11
614 0 move 37 32
614 1 move 27 8
614 2 pick 39 28
614 3 move 33 30
614 4 move 19 10
615 0 move 38 32
615 1 move 28 8
615 2 move 40 29
615 3 move 33 31
615 4 move 19 9
616 0 pick 39 32
616 1 move 29 8
616 2 move 40 30
616 3 move 33 32
616 4 move 19 8
617 0 move 37 32
617 1 move 30 8
617 2 move 40 31
617 3 move 33 33
617 4 move 19 7
618 0 move 37 33
618 1 move 30 7
618 2 move 40 32
618 3 move 33 34
618 4 move 19 6
619 0 move 37 34
619 1 move 30 6
619 2 move 40 33
619 3 move 33 35
619 4 move 19 5
620 0 move 37 35
620 1 move 30 5
620 2 move 40 34
620 3 move 33 36
620 4 move 19 4
621 0 move 37 36
621 1 move 31 5
621 2 move 40 35
621 3 move 33 37
621 4 move 19 3
622 0 move 38 36
622 1 move 32 5
622 2 move 40 36
622 3 move 33 38
622 4 move 19 2
623 0 move 39 36
623 1 move 33 5
623 2 move 40 37
623 3 move 33 39
623 4 move 19 1
624 0 move 39 35
624 1 move 33 6
624 2 move 40 38
624 3 fulfill 33 39
624 4 move 19 0
625 0 move 40 35
625 1 move 33 7
625 2 move 40 39
625 3 move 33 38
625 4 fulfill 19 0
626 0 move 40 34
626 1 move 33 8
626 2 fulfill 40 39
626 3 move 33 37
626 4 move 19 1
627 0 move 40 33
627 1 move 33 9
627 2 move 40 38
627 3 move 33 36
627 4 move 19 2
628 0 move 40 32
628 1 move 34 9
628 2 move 40 37
628 3 move 33 35
628 4 move 19 3
629 0 move 40 31
629 1 move 35 9
629 2 move 40 36
629 3 move 33 34
629 4 move 19 4
630 0 pick 39 31
630 1 move 36 9
630 2 move 40 35
630 3 move 33 33
630 4 move 19 5
631 0 move 40 30
631 1 move 37 9
631 2 move 40 34
631 3 move 33 32
631 4 move 19 6
632 0 pick 39 30
632 1 pick 38 9
632 2 move 40 33
632 3 move 33 31
632 4 move 19 7
633 0 move 40 29
633 1 move 37 8
633 2 move 40 32
633 3 move 33 30
633 4 move 19 8
634 0 move 40 28
634 1 move 37 7
634 2 pick 39 32
634 3 move 33 29
634 4 move 19 9
635 0 pick 39 28
635 1 move 37 6
635 2 move 40 33
635 3 move 33 28
635 4 move 19 10
636 0 pick 39 28
636 1 move 37 5
636 2 move 40 34
636 3 move 33 27
636 4 move 19 11
637 0 pick 39 28
637 1 pick 38 5
637 2 move 40 35
637 3 pick 32 27
637 4 move 19 12
638 0 move 40 27
638 1 move 37 4
638 2 move 39 35
638 3 pick 32 27
638 4 pick 18 12
639 0 move 40 26
639 1 move 37 3
639 2 move 39 36
639 3 pick 32 27
639 4 move 19 13
640 0 move 40 25
640 1 move 37 2
640 2 move 38 36
640 3 move 34 27
640 4 move 19 14
641 0 move 40 24
641 1 move 37 1
641 2 move 37 36
641 3 move 35 27
641 4 move 19 15
642 0 move 40 23
642 1 move 37 0
642 2 move 37 35
642 3 move 36 27
642 4 move 19 16
643 0 move 40 22
643 1 fulfill 37 0
643 2 move 37 34
643 3 move 37 27
643 4 move 18 16
644 0 move 40 21
644 1 move 37 1
644 2 move 37 33
644 3 pick 38 27
644 4 move 17 16
645 0 move 39 21
645 1 move 37 2
645 2 move 37 32
645 3 pick 38 27
645 4 move 16 16
646 0 move 38 21
646 1 move 37 3
646 2 move 38 32
646 4 move 16 15
647 0 move 37 21
647 1 move 37 4
647 2 pick 38 31
647 3 move 37 26
647 4 move 16 14
648 0 move 37 22
648 1 move 37 5
648 2 move 37 32
648 3 move 37 25
648 4 move 16 13
649 0 move 37 23
649 1 pick 38 5
649 2 move 37 31
649 3 move 37 24
649 4 move 16 12
650 0 move 37 24
650 1 move 37 6
650 2 move 37 30
650 3 move 37 23
650 4 pick 17 12
651 0 move 37 25
651 1 move 37 7
651 2 move 37 29
651 3 move 37 22
651 4 pick 17 12
652 0 move 37 26
652 1 move 37 8
652 2 pick 38 29
652 3 move 37 21
652 4 move 16 13
653 0 move 37 27
653 1 move 37 9
653 2 move 37 28
653 3 move 38 21
653 4 pick 17 13
654 0 move 37 28
654 1 pick 38 9
654 2 move 37 27
654 3 move 39 21
654 4 move 16 14
655 0 pick 38 28
655 1 move 36 9
655 2 move 37 26
655 3 move 40 21
655 4 move 16 15
656 0 move 37 29
656 1 move 35 9
656 2 pick 38 26
656 3 move 40 22
656 4 move 16 16
657 0 move 37 30
657 1 move 34 9
657 2 move 37 25
657 3 move 40 23
657 4 move 17 16
658 0 move 37 31
658 1 move 33 9
658 2 pick 38 25
658 3 move 40 24
658 4 move 18 16
659 0 move 37 32
659 1 pick 32 9
659 2 move 36 25
659 3 move 40 25
659 4 move 19 16
660 0 move 37 33
660 1 pick 32 9
660 2 move 35 25
660 3 move 40 26
660 4 move 19 15
661 0 move 37 34
661 1 pick 32 9
661 2 move 34 25
661 3 move 40 27
661 4 move 19 14
662 0 move 37 35
662 1 pick 32 9
662 2 move 33 25
662 3 move 40 28
662 4 move 19 13
663 0 move 37 36
663 1 move 33 8
663 2 move 33 26
663 3 move 40 29
663 4 move 19 12
664 0 move 37 37
664 1 move 33 7
664 2 move 33 27
664 3 pick 39 29
664 4 move 20 12
665 0 move 37 38
665 1 move 33 6
665 2 pick 32 27
665 3 pick 39 29
665 4 move 21 12
666 0 move 37 39
666 1 move 33 5
666 2 pick 32 27
666 3 move 40 30
666 4 move 22 12
667 0 fulfill 37 39
667 1 move 32 5
667 2 pick 32 27
667 3 move 40 31
667 4 move 23 12
668 0 move 37 38
668 1 move 31 5
668 2 move 33 28
668 3 move 40 32
668 4 pick 24 12
669 0 move 37 37
669 1 move 30 5
669 2 move 33 29
669 3 pick 39 32
669 4 pick 24 12
670 0 move 37 36
670 1 move 30 6
670 2 pick 32 29
670 3 move 41 32
670 4 pick 24 12
671 0 move 37 35
671 1 move 30 7
671 2 move 33 28
671 3 move 42 32
671 4 move 23 11
672 0 move 37 34
672 1 move 30 8
672 2 move 33 27
672 3 move 43 32
672 4 move 23 10
673 0 move 37 33
673 1 pick 31 8
673 2 move 33 26
673 3 move 44 32
673 4 move 23 9
674 0 move 38 33
674 1 move 30 7
674 2 move 33 25
674 3 move 45 32
674 4 move 23 8
675 0 pick 39 33
675 1 move 30 6
675 2 move 33 24
675 3 move 46 32
675 4 move 23 7
676 0 move 37 33
676 1 pick 31 6
676 2 move 33 23
676 3 move 47 32
676 4 move 23 6
677 0 move 37 32
677 1 move 29 6
677 2 move 33 22
677 3 move 47 31
677 4 move 23 5
678 0 move 37 31
678 1 move 28 6
678 2 pick 32 22
678 3 move 47 30
678 4 move 23 4
679 0 move 37 30
679 1 move 27 6
679 2 pick 32 22
679 3 move 47 29
679 4 move 23 3
680 0 pick 38 30
680 1 move 26 6
680 2 move 33 23
680 3 move 47 28
680 4 move 23 2
681 0 move 37 29
681 1 move 26 7
681 2 move 33 24
681 3 pick 46 28
681 4 move 23 1
682 0 move 37 28
682 1 move 26 8
682 2 move 33 25
682 3 move 47 29
682 4 move 23 0
683 0 pick 38 28
683 1 pick 25 8
683 2 move 33 26
683 3 move 47 30
683 4 fulfill 23 0
684 0 pick 38 28
684 1 pick 25 8
684 2 move 33 27
684 3 move 47 31
684 4 move 23 1
685 0 move 37 27
685 1 pick 25 8
685 2 move 33 28
685 3 move 47 32
685 4 move 23 2
686 0 move 37 26
686 1 pick 25 8
686 2 move 33 29
686 3 move 47 33
686 4 move 23 3
687 0 move 37 25
687 1 move 26 7
687 2 move 33 30
687 3 move 47 34
687 4 move 23 4
688 0 move 37 24
688 1 move 26 6
688 2 move 33 31
688 3 move 47 35
688 4 move 23 5
689 0 move 37 23
689 1 move 26 5
689 2 move 33 32
689 3 move 47 36
689 4 move 23 6
690 0 move 37 22
690 1 move 26 4
690 2 move 33 33
690 3 move 47 37
690 4 move 23 7
691 0 move 37 21
691 1 move 26 3
691 2 move 33 34
691 3 move 47 38
691 4 move 23 8
692 0 move 38 21
692 1 move 26 2
692 2 move 33 35
692 3 move 47 39
692 4 move 23 9
693 0 move 39 21
693 1 move 26 1
693 2 move 33 36
693 3 fulfill 47 39
693 4 move 23 10
694 0 move 40 21
694 1 move 26 0
694 2 move 33 37
694 3 move 46 39
694 4 pick 24 10
695 0 move 40 22
695 1 fulfill 26 0
695 2 move 33 38
695 3 move 45 39
695 4 move 23 11
696 0 move 40 23
696 1 move 26 1
696 2 move 33 39
696 3 move 44 39
696 4 move 23 12
697 0 move 40 24
697 1 move 26 2
697 2 fulfill 33 39
697 3 move 43 39
697 4 pick 24 12
698 0 move 40 25
698 1 move 26 3
698 2 move 33 38
698 3 move 42 39
698 4 pick 24 12
699 0 move 40 26
699 1 move 26 4
699 2 move 33 37
699 3 move 41 39
699 4 pick 24 12
700 0 move 40 27
700 1 move 26 5
700 2 move 33 36
700 3 move 40 39
700 4 move 23 13
701 0 move 40 28
701 1 move 26 6
701 2 move 33 35
701 3 move 40 38
701 4 move 23 14
702 0 pick 39 28
702 1 move 26 7
702 2 move 33 34
702 3 move 40 37
702 4 move 23 15
703 0 pick 39 28
703 1 move 26 8
703 2 move 33 33
703 3 move 40 36
703 4 move 23 16
704 0 move 40 27
704 1 pick 25 8
704 2 move 33 32
704 3 move 40 35
704 4 move 24 16
705 0 pick 39 27
705 1 pick 25 8
705 2 move 33 31
705 3 move 40 34
705 4 move 25 16
706 0 move 40 28
706 1 move 26 9
706 2 move 33 30
706 3 pick 39 34
706 4 move 26 16
707 0 move 40 29
707 1 move 26 10
707 2 pick 32 30
707 3 move 40 35
707 4 move 26 15
708 0 move 40 30
708 1 pick 25 10
708 2 move 33 29
708 3 move 39 35
708 4 move 26 14
709 0 move 40 31
709 1 move 26 11
709 2 move 33 28
709 3 move 39 36
709 4 move 26 13
710 0 pick 39 31
710 1 pick 25 11
710 2 move 33 27
710 3 move 38 36
710 4 move 26 12
711 0 move 40 30
711 1 move 26 10
711 2 pick 32 27
711 3 move 37 36
711 4 pick 25 12
712 0 move 41 30
712 1 move 26 9
712 2 pick 32 27
712 3 move 37 35
712 4 move 26 13
713 0 move 42 30
713 1 move 27 9
713 2 pick 32 27
713 3 move 37 34
713 4 pick 25 13
714 0 move 43 30
714 1 move 28 9
714 2 move 33 28
714 3 move 37 33
714 4 move 26 14
715 0 move 44 30
715 1 move 29 9
715 2 move 33 29
715 3 move 37 32
715 4 move 27 14
716 0 pick 45 30
716 1 move 30 9
716 2 move 33 30
716 3 move 38 32
716 4 move 28 14
717 0 move 43 30
717 1 pick 31 9
717 2 move 33 31
717 3 pick 38 31
717 4 move 29 14
718 0 move 42 30
718 1 pick 31 9
718 2 move 33 32
718 3 move 37 32
718 4 move 30 14
719 0 move 41 30
719 1 move 30 10
719 2 move 32 32
719 3 move 37 33
719 4 pick 31 14
720 0 move 40 30
720 1 move 30 11
720 2 move 31 32
720 3 move 37 34
720 4 move 30 13
721 0 move 40 29
721 2 move 30 32
721 3 move 37 35
721 4 move 30 12
722 0 move 40 28
722 1 move 30 12
722 2 move 30 31
722 3 move 37 36
722 4 move 30 11
723 0 move 40 27
723 1 move 30 13
723 2 move 30 30
723 3 move 38 36
723 4 move 30 10
724 0 move 40 26
724 1 move 30 14
724 2 move 30 29
724 3 move 39 36
724 4 move 30 9
725 0 move 40 25
725 1 move 30 15
725 2 move 30 28
725 3 move 39 35
725 4 move 30 8
726 0 move 40 24
726 1 move 30 16
726 2 move 30 27
726 3 move 40 35
726 4 move 30 7
727 0 move 40 23
727 1 move 31 16
727 2 pick 31 27
727 3 move 40 34
727 4 move 30 6
728 0 move 40 22
728 1 move 32 16
728 2 move 30 26
728 3 move 40 33
728 4 move 30 5
729 0 move 40 21
729 1 move 33 16
729 2 move 30 25
729 3 move 40 32
729 4 move 30 4
730 0 move 39 21
730 1 move 33 15
730 2 pick 31 25
730 3 move 40 31
730 4 move 30 3
731 0 move 38 21
731 1 move 33 14
731 2 move 29 25
731 3 move 40 30
731 4 move 30 2
732 0 move 37 21
732 1 move 33 13
732 2 move 28 25
732 3 move 40 29
732 4 move 30 1
733 0 move 37 22
733 1 pick 32 13
733 2 move 27 25
733 3 pick 39 29
733 4 move 30 0
734 0 move 37 23
734 1 move 33 12
734 2 move 26 25
734 3 pick 39 29
734 4 fulfill 30 0
735 0 move 37 24
735 1 move 33 11
735 2 pick 25 25
735 3 pick 39 29
735 4 move 30 1
736 0 move 37 25
736 1 move 34 11
736 2 pick 25 25
736 3 pick 39 29
736 4 move 30 2
737 0 pick 38 25
737 1 move 35 11
737 2 move 26 26
737 3 move 40 28
737 4 move 30 3
738 0 move 37 26
738 1 move 36 11
738 2 pick 25 26
738 3 pick 39 28
738 4 move 30 4
739 0 move 37 27
739 1 move 37 11
739 2 move 26 25
739 3 pick 39 28
739 4 move 30 5
740 0 move 37 28
740 1 pick 38 11
740 2 move 26 24
740 3 pick 39 28
740 4 move 30 6
741 0 move 37 29
741 1 move 37 10
741 2 move 26 23
741 3 pick 39 28
741 4 move 30 7
742 0 move 37 30
742 1 move 37 9
742 2 move 26 22
742 3 pick 39 28
742 4 pick 31 7
743 0 move 37 31
743 1 pick 38 9
743 2 move 26 21
743 3 move 40 27
743 4 move 30 6
744 0 move 37 32
744 1 move 37 8
744 2 move 25 21
744 3 move 40 26
744 4 move 30 5
745 0 move 37 33
745 1 move 37 7
745 2 move 24 21
745 3 pick 39 26
745 4 move 31 5
746 0 move 37 34
746 1 move 37 6
746 2 move 23 21
746 3 move 40 25
746 4 move 32 5
747 0 move 37 35
747 1 move 37 5
747 2 move 22 21
747 3 move 40 24
747 4 move 33 5
748 0 move 37 36
748 1 pick 38 5
748 2 move 21 21
748 3 pick 39 24
748 4 move 33 6
749 0 move 37 37
749 1 pick 38 5
749 2 move 20 21
749 3 move 40 25
749 4 move 33 7
750 0 move 37 38
750 1 move 37 4
750 2 move 19 21
750 3 move 40 26
750 4 pick 32 7
751 0 move 37 39
751 1 move 37 3
751 2 move 18 21
751 3 move 40 27
751 4 move 33 6
752 0 fulfill 37 39
752 1 pick 38 3
752 2 move 17 21
752 3 move 40 28
752 4 move 33 5
753 0 move 37 38
753 1 move 37 2
753 2 move 16 21
753 3 move 40 29
753 4 move 34 5
754 0 move 37 37
754 1 move 37 1
754 2 move 16 22
754 3 move 40 30
754 4 move 35 5
755 0 move 37 36
755 1 move 37 0
755 2 move 16 23
755 3 move 40 31
755 4 move 36 5
756 0 move 37 35
756 1 fulfill 37 0
756 2 move 16 24
756 3 move 40 32
756 4 move 37 5
757 0 move 37 34
757 1 move 37 1
757 2 move 16 25
757 3 move 40 33
757 4 pick 38 5
758 0 move 37 33
758 1 move 37 2
758 2 move 16 26
758 3 move 40 34
758 4 move 37 4
759 0 move 37 32
759 1 move 37 3
759 2 pick 17 26
759 3 move 40 35
759 4 move 38 4
760 0 move 37 31
760 1 move 37 4
760 2 move 16 27
760 3 move 40 36
760 4 move 39 4
761 0 move 37 30
761 1 move 37 5
761 2 move 16 28
761 3 move 40 37
761 4 move 40 4
762 0 move 37 29
762 1 move 37 6
762 2 move 16 29
762 3 move 40 38
762 4 move 40 5
763 0 move 37 28
763 1 pick 38 6
763 2 move 16 30
763 3 move 40 39
763 4 move 40 6
764 0 pick 38 28
764 1 move 37 7
764 2 move 16 31
764 3 fulfill 40 39
764 4 pick 39 6
765 0 move 37 27
765 1 move 37 8
765 2 move 16 32
765 3 move 40 38
765 4 move 40 7
766 0 move 37 26
766 1 move 37 9
766 2 move 16 33
766 3 move 40 37
766 4 move 40 8
767 0 pick 38 26
767 1 pick 38 9
767 2 pick 17 33
767 3 move 40 36
767 4 move 40 9
768 0 move 37 25
768 1 move 36 9
768 2 move 16 34
768 3 move 40 35
768 4 move 40 10
769 0 pick 38 25
769 1 move 35 9
769 2 move 16 35
769 3 move 40 34
769 4 move 40 11
770 0 move 36 25
770 1 move 34 9
770 2 move 16 36
770 3 move 40 33
770 4 pick 39 11
771 0 move 35 25
771 1 move 33 9
771 2 move 16 37
771 3 move 40 32
771 4 pick 39 11
772 0 move 34 25
772 1 pick 32 9
772 2 move 16 38
772 3 move 40 31
772 4 move 40 10
773 0 move 33 25
773 1 pick 32 9
773 2 move 16 39
773 3 pick 39 31
773 4 move 40 9
774 0 move 33 26
774 1 move 33 8
774 2 fulfill 16 39
774 3 move 40 30
774 4 move 40 8
775 0 move 33 27
775 1 move 33 7
775 2 move 16 38
775 3 move 40 29
775 4 move 40 7
776 0 pick 32 27
776 1 move 33 6
776 2 move 16 37
776 3 move 40 28
776 4 move 40 6
777 0 move 33 26
777 1 move 33 5
777 2 move 16 36
777 3 pick 39 28
777 4 move 40 5
778 0 move 33 25
778 1 move 32 5
778 2 move 16 35
778 3 pick 39 28
778 4 move 40 4
779 0 move 33 24
779 1 move 31 5
779 2 pick 17 35
779 3 pick 39 28
779 4 move 39 4
780 0 move 33 23
780 1 move 30 5
780 2 move 16 34
780 3 move 40 27
780 4 move 38 4
781 0 move 33 22
781 1 move 30 6
781 2 pick 17 34
781 3 move 40 26
781 4 move 37 4
782 0 move 33 21
782 1 move 30 7
782 2 move 16 33
782 3 pick 39 26
782 4 move 37 5
783 0 move 32 21
783 1 move 30 8
783 2 move 16 32
783 3 move 40 25
783 4 move 37 6
784 0 move 31 21
784 1 pick 31 8
784 2 move 16 31
784 3 move 40 24
784 4 move 37 7
785 0 move 30 21
785 1 move 29 8
785 2 move 16 30
785 3 move 40 23
785 4 move 37 8
786 0 move 30 20
786 1 move 28 8
786 2 move 16 29
786 3 move 40 22
786 4 move 37 9
787 0 move 30 19
787 1 move 27 8
787 2 move 16 28
787 3 move 40 21
787 4 pick 38 9
788 0 move 30 18
788 1 move 26 8
788 2 pick 17 28
788 3 move 39 21
788 4 move 37 8
789 0 move 30 17
789 1 pick 25 8
789 2 pick 17 28
789 3 move 38 21
789 4 move 37 7
790 0 move 30 16
790 1 pick 25 8
790 2 move 16 27
790 3 move 37 21
790 4 move 37 6
791 0 move 30 15
791 1 pick 25 8
791 2 move 16 26
791 3 move 37 22
791 4 move 37 5
792 0 move 30 14
792 1 move 26 7
792 2 move 16 25
792 3 move 37 23
792 4 move 37 4
793 0 move 30 13
793 1 move 26 6
793 2 move 16 24
793 3 move 37 24
793 4 move 37 3
794 0 pick 31 13
794 1 move 26 5
794 2 pick 17 24
794 3 move 37 25
794 4 move 37 2
795 0 move 30 12
795 1 move 26 4
795 2 pick 17 24
795 3 move 37 26
795 4 move 37 1
796 0 move 30 11
796 1 move 26 3
796 2 move 15 24
796 3 move 37 27
796 4 move 37 0
797 0 move 30 10
797 1 move 26 2
797 2 move 14 24
797 3 move 37 28
797 4 fulfill 37 0
798 0 move 30 9
798 1 move 26 1
798 2 move 13 24
798 3 move 37 29
798 4 move 37 1
799 0 move 30 8
799 1 move 26 0
799 2 move 12 24
799 3 move 37 30
799 4 move 37 2
800 0 move 30 7
800 1 fulfill 26 0
800 2 pick 11 24
800 3 move 37 31
800 4 move 37 3
801 0 move 30 6
801 1 move 26 1
801 2 move 12 23
801 3 pick 38 31
801 4 pick 38 3
802 0 move 30 5
802 1 move 26 2
802 2 move 12 22
802 3 move 37 32
802 4 pick 38 3
803 0 move 30 4
803 1 move 26 3
803 2 move 12 21
803 3 move 37 33
803 4 move 37 4
804 0 move 30 3
804 1 move 26 4
804 2 move 11 21
804 3 move 37 34
804 4 move 38 4
805 0 move 30 2
805 1 move 26 5
805 2 move 10 21
805 3 move 37 35
805 4 move 39 4
806 0 move 30 1
806 1 move 26 6
806 2 move 10 20
806 3 move 37 36
806 4 pick 39 5
807 0 move 30 0
807 1 move 26 7
807 2 move 10 19
807 3 move 38 36
807 4 move 40 4
808 0 fulfill 30 0
808 1 pick 25 7
808 2 move 10 18
808 3 move 39 36
808 4 move 40 5
809 0 move 30 1
809 1 move 26 8
809 2 move 10 17
809 3 move 39 35
809 4 move 40 6
810 0 move 30 2
810 1 pick 25 8
810 2 move 10 16
810 3 move 40 35
810 4 move 40 7
811 0 move 30 3
811 1 pick 25 8
811 2 pick 10 15
811 3 move 40 34
811 4 pick 39 7
812 0 move 30 4
812 1 move 26 9
812 2 move 9 16
812 3 move 40 33
812 4 move 40 8
813 0 move 30 5
813 1 pick 25 9
813 2 move 9 15
813 3 move 40 32
813 4 pick 39 8
814 0 move 30 6
814 1 move 26 10
814 2 move 9 14
814 3 move 41 32
814 4 move 40 9
815 0 move 30 7
815 1 move 26 11
815 2 move 9 13
815 3 move 42 32
815 4 move 40 10
816 0 pick 31 7
816 1 pick 25 11
816 2 move 9 12
816 3 move 43 32
816 4 pick 39 10
817 0 move 30 8
817 1 move 26 10
817 2 move 9 11
817 3 move 44 32
817 4 move 40 11
818 0 move 30 9
818 1 move 26 9
818 2 move 9 10
818 3 move 45 32
818 4 pick 39 11
819 0 pick 31 9
819 1 move 27 9
819 2 move 9 9
819 3 move 46 32
819 4 pick 39 11
820 0 pick 31 9
820 1 move 28 9
820 2 move 9 8
820 3 move 47 32
820 4 pick 39 11
821 0 move 30 10
821 1 move 29 9
821 2 move 9 7
821 3 move 47 31
821 4 move 40 10
822 0 move 30 11
822 1 move 30 9
822 2 move 9 6
822 3 move 47 30
822 4 move 40 9
823 0 move 30 12
823 1 pick 31 9
823 2 pick 10 6
823 3 pick 46 30
823 4 move 40 8
824 0 move 30 13
824 1 pick 31 9
824 2 pick 10 6
824 3 move 47 31
824 4 move 40 7
825 0 pick 31 13
825 1 move 30 10
825 2 pick 10 6
825 3 move 47 32
825 4 move 40 6
826 0 move 30 14
826 1 move 30 11
826 2 move 9 5
826 3 move 47 33
826 4 move 40 5
827 0 move 30 15
827 1 move 30 12
827 2 move 10 5
827 3 move 47 34
827 4 move 40 4
828 0 pick 31 15
828 1 move 30 13
828 2 move 11 5
828 3 move 47 35
828 4 move 40 3
829 0 pick 31 15
829 1 move 30 14
829 2 move 12 5
829 3 move 47 36
829 4 move 40 2
830 0 move 30 16
830 1 move 30 15
830 2 move 13 5
830 3 move 47 37
830 4 move 40 1
831 0 move 30 17
831 1 pick 31 15
831 2 move 14 5
831 3 move 47 38
831 4 move 40 0
832 0 move 30 18
832 1 pick 31 15
832 2 move 15 5
832 3 move 47 39
832 4 fulfill 40 0
833 0 move 30 19
833 1 pick 31 15
833 2 move 16 5
833 3 fulfill 47 39
833 4 move 40 1
834 0 move 30 20
834 1 move 30 16
834 2 move 17 5
834 3 move 47 38
834 4 move 40 2
835 0 move 30 21
835 1 move 31 16
835 2 move 18 5
835 3 move 47 37
835 4 move 40 3
836 0 move 30 22
836 1 move 32 16
836 2 move 19 5
836 3 move 47 36
836 4 move 40 4
837 0 pick 31 22
837 1 move 33 16
837 2 move 19 6
837 3 move 47 35
837 4 move 40 5
838 0 pick 31 22
838 1 move 33 15
838 2 move 19 7
838 3 move 47 34
838 4 pick 39 5
839 0 pick 31 22
839 1 move 33 14
839 2 move 19 8
839 3 move 47 33
839 4 move 40 6
840 0 pick 31 22
840 1 move 33 13
840 2 move 19 9
840 3 move 47 32
840 4 pick 39 6
841 0 pick 31 22
841 1 pick 32 13
841 2 move 19 10
841 3 move 47 31
841 4 move 40 7
842 0 move 30 21
842 1 move 33 12
842 2 move 19 11
842 3 move 47 30
842 4 move 40 8
843 0 move 31 21
843 1 move 33 11
843 2 move 19 12
843 3 pick 46 30
843 4 pick 39 8
844 0 move 32 21
844 1 move 33 10
844 2 pick 18 12
844 3 move 47 31
844 4 pick 39 8
845 0 move 33 21
845 1 move 33 9
845 2 move 19 11
845 3 move 47 32
845 4 move 40 9
846 0 move 33 22
846 1 move 33 8
846 2 move 19 10
846 3 move 46 32
846 4 pick 39 9
847 0 move 33 23
847 1 move 33 7
847 2 move 19 9
847 3 move 45 32
847 4 move 40 10
848 0 move 33 24
848 1 move 33 6
848 2 move 19 8
848 3 move 44 32
848 4 move 40 11
849 0 move 33 25
849 1 move 33 5
849 2 move 19 7
849 3 move 43 32
849 4 pick 39 11
850 0 pick 32 25
850 1 move 33 4
850 2 move 19 6
850 3 move 42 32
850 4 pick 39 11
851 0 move 33 26
851 1 move 33 3
851 2 move 19 5
851 3 move 41 32
851 4 pick 39 11
852 0 move 33 27
852 1 move 33 2
852 2 move 19 4
852 3 move 40 32
852 4 pick 39 11
853 0 move 34 27
853 1 move 33 1
853 2 move 19 3
853 3 move 40 31
853 4 pick 39 11
854 0 move 35 27
854 1 move 33 0
854 2 move 19 2
854 3 move 40 30
854 4 pick 39 11
855 0 move 36 27
855 1 fulfill 33 0
855 2 move 19 1
855 3 pick 39 30
855 4 move 40 10
856 0 move 37 27
856 1 move 33 1
856 2 move 19 0
856 3 move 40 29
856 4 move 40 9
857 0 pick 38 27
857 1 move 33 2
857 2 fulfill 19 0
857 3 move 40 28
857 4 move 40 8
858 0 pick 38 27
858 1 move 34 2
858 2 move 19 1
858 3 pick 39 28
858 4 move 40 7
859 0 pick 38 27
859 1 move 35 2
859 2 move 19 2
859 3 pick 39 28
859 4 move 40 6
860 0 move 37 28
860 1 move 36 2
860 2 move 19 3
860 3 pick 39 28
860 4 move 40 5
861 0 move 37 29
861 1 move 37 2
861 2 move 19 4
861 3 move 40 29
861 4 move 40 4
862 0 move 37 30
862 1 move 38 2
862 2 move 19 5
862 3 move 40 30
862 4 move 39 4
863 0 move 37 31
863 1 pick 39 2
863 2 move 19 6
863 3 move 40 31
863 4 move 38 4
864 0 move 37 32
864 1 move 37 2
864 2 move 19 7
864 3 move 40 32
864 4 move 37 4
865 0 move 37 33
865 1 move 37 3
865 2 move 19 8
865 3 pick 39 32
865 4 move 37 5
866 0 move 37 34
866 1 move 37 4
866 2 move 19 9
866 3 move 40 31
866 4 pick 38 5
867 0 move 37 35
867 1 move 38 4
867 2 move 19 10
867 3 move 40 30
867 4 move 36 5
868 0 move 37 36
868 1 pick 38 5
868 2 pick 18 10
868 3 move 40 29
868 4 move 35 5
869 0 move 37 37
869 1 move 39 4
869 2 move 19 11
869 3 move 40 28
869 4 move 34 5
870 0 move 37 38
870 1 pick 39 5
870 2 move 19 12
870 3 move 40 27
870 4 move 33 5
871 0 move 37 39
871 1 pick 39 5
871 2 pick 18 12
871 3 move 40 26
871 4 move 32 5
872 0 fulfill 37 39
872 1 move 40 4
872 2 move 19 13
872 3 move 40 25
872 4 move 31 5
873 0 move 37 38
873 1 move 40 5
873 2 move 19 14
873 3 move 40 24
873 4 move 30 5
874 0 move 37 37
874 1 move 40 6
874 2 move 19 15
874 3 move 40 23
874 4 move 29 5
875 0 move 37 36
875 1 move 40 7
875 2 pick 18 15
875 3 move 40 22
875 4 move 28 5
876 0 move 37 35
876 1 move 40 8
876 2 move 19 14
876 3 move 40 21
876 4 move 27 5
877 0 move 37 34
877 1 pick 39 8
877 2 move 19 13
877 3 move 39 21
877 4 move 26 5
878 0 move 37 33
878 1 pick 39 8
878 2 move 19 12
878 3 move 38 21
878 4 move 26 6
879 0 move 37 32
879 1 pick 39 8
879 2 move 20 12
879 3 move 37 21
879 4 move 26 7
880 0 move 38 32
880 1 pick 39 8
880 2 move 21 12
880 3 move 37 22
880 4 move 26 8
881 0 pick 39 32
881 1 move 40 9
881 2 move 22 12
881 3 move 37 23
881 4 move 26 9
882 0 move 37 32
882 1 pick 39 9
882 2 move 23 12
882 3 move 37 24
882 4 move 26 10
883 0 move 37 33
883 1 move 40 10
883 2 pick 24 12
883 3 move 37 25
883 4 move 26 11
884 0 move 37 34
884 1 move 40 11
884 2 pick 24 12
884 3 pick 38 25
884 4 pick 25 11
885 0 move 37 35
885 1 pick 39 11
885 2 pick 24 12
885 3 pick 38 25
885 4 move 26 10
886 0 move 37 36
886 1 pick 39 11
886 2 move 22 12
886 3 move 36 25
886 4 move 26 9
887 0 move 38 36
887 1 pick 39 11
887 2 move 21 12
887 3 move 35 25
887 4 move 26 8
888 0 move 39 36
888 1 move 40 12
888 2 move 20 12
888 3 move 34 25
888 4 move 26 7
889 0 move 39 35
889 1 move 40 13
889 2 move 19 12
889 3 move 33 25
889 4 move 26 6
890 0 move 40 35
890 1 move 40 14
890 2 move 19 13
890 3 move 33 24
890 4 move 26 5
891 0 move 40 34
891 1 move 40 15
891 2 move 19 14
891 3 move 33 23
891 4 move 26 4
892 0 move 40 33
892 1 move 40 16
892 2 move 19 15
892 3 move 33 22
892 4 move 26 3
893 0 move 40 32
893 1 move 39 16
893 2 move 19 16
893 3 move 33 21
893 4 move 26 2
894 0 move 40 31
894 1 move 38 16
894 2 move 18 16
894 3 move 32 21
894 4 move 26 1
895 0 pick 39 31
895 1 move 37 16
895 2 move 17 16
895 3 move 31 21
895 4 move 26 0
896 0 move 40 30
896 1 move 37 15
896 2 move 16 16
896 3 move 30 21
896 4 fulfill 26 0
897 0 move 40 29
897 1 move 37 14
897 2 move 16 15
897 3 move 30 22
897 4 move 26 1
898 0 pick 39 29
898 1 move 37 13
898 2 move 16 14
898 3 move 30 23
898 4 move 26 2
899 0 move 40 28
899 1 move 37 12
899 2 move 16 13
899 3 pick 31 23
899 4 move 26 3
900 0 pick 39 28
900 1 pick 38 12
900 2 move 16 12
900 3 move 30 24
900 4 move 26 4
901 0 pick 39 28
901 1 move 37 11
901 2 move 16 11
901 3 move 30 25
901 4 move 26 5
902 0 pick 39 28
902 1 move 37 10
902 2 pick 17 11
902 3 move 30 26
902 4 move 26 6
903 0 move 40 27
903 1 move 37 9
903 2 pick 17 11
903 3 move 30 27
903 4 move 26 7
904 0 move 40 26
904 1 move 37 8
904 2 move 16 12
904 3 move 30 28
904 4 move 26 8
905 0 move 40 25
905 1 move 37 7
905 2 move 16 13
905 3 move 30 29
905 4 pick 25 8
906 0 move 40 24
906 1 move 37 6
906 2 move 16 14
906 3 move 30 30
906 4 pick 25 8
907 0 move 40 23
907 1 move 37 5
907 2 move 16 15
907 3 move 30 31
907 4 pick 25 8
908 0 move 40 22
908 1 move 37 4
908 2 move 16 16
908 3 move 30 32
908 4 pick 25 8
909 0 move 40 21
909 1 move 37 3
909 2 move 16 17
909 3 move 30 33
909 4 pick 25 8
910 0 move 39 21
910 1 move 37 2
910 2 move 16 18
910 3 move 30 34
910 4 pick 25 8
911 0 move 38 21
911 1 move 37 1
911 2 move 16 19
911 3 move 30 35
911 4 move 26 9
912 0 move 37 21
912 1 move 37 0
912 2 move 16 20
912 3 move 30 36
912 4 move 26 10
913 0 move 37 22
913 1 fulfill 37 0
913 2 move 16 21
913 3 move 30 37
913 4 pick 25 10
914 0 move 37 23
914 1 move 37 1
914 2 move 16 22
914 3 move 30 38
914 4 move 26 11
915 0 move 37 24
915 1 move 37 2
915 2 move 16 23
915 3 move 30 39
915 4 pick 25 11
916 0 move 37 25
916 1 move 37 3
916 2 move 16 24
916 3 fulfill 30 39
916 4 move 26 12
917 0 move 37 26
917 1 pick 38 3
917 2 move 16 25
917 3 move 30 38
917 4 move 26 13
918 0 move 37 27
918 1 move 37 4
918 2 move 16 26
918 3 move 30 37
918 4 move 26 14
919 0 move 37 28
919 1 move 37 5
919 2 move 16 27
919 3 move 30 36
919 4 move 26 15
920 0 pick 38 28
920 1 move 37 6
920 2 move 16 28
920 3 move 30 35
920 4 move 27 15
921 0 move 37 27
921 1 move 37 7
921 2 move 16 29
921 3 move 30 34
921 4 move 28 15
922 0 move 37 26
922 1 pick 38 7
922 2 pick 17 29
922 3 move 30 33
922 4 move 29 15
923 0 move 37 25
923 1 move 37 8
923 2 pick 17 29
923 3 move 30 32
923 4 move 30 15
924 0 pick 38 25
924 1 move 37 9
924 2 move 16 30
924 3 move 30 31
924 4 pick 31 15
925 0 pick 38 25
925 1 pick 38 9
925 2 move 16 31
925 3 pick 31 31
925 4 pick 31 15
926 0 move 37 24
926 1 pick 38 9
926 2 move 16 32
926 3 move 30 30
926 4 move 29 15
927 0 move 37 23
927 1 move 37 8
927 2 move 16 33
927 3 pick 31 30
927 4 move 28 15
928 0 move 37 22
928 1 move 37 7
928 2 move 16 34
928 3 move 29 30
928 4 move 27 15
929 0 move 37 21
929 1 move 37 6
929 2 move 16 35
929 3 move 28 30
929 4 move 26 15
930 0 move 38 21
930 1 move 37 5
930 2 move 16 36
930 3 move 27 30
930 4 move 26 16
931 0 move 39 21
931 1 move 37 4
931 2 move 16 37
931 3 move 26 30
931 4 move 25 16
932 0 move 40 21
932 1 move 38 4
932 2 move 16 38
932 3 pick 25 30
932 4 move 24 16
933 0 move 40 22
933 1 move 39 4
933 2 move 16 39
933 3 pick 25 30
933 4 move 23 16
934 0 pick 39 22
934 1 move 40 4
934 2 fulfill 16 39
934 3 move 26 29
934 4 move 22 16
935 0 move 40 23
935 1 move 40 5
935 2 move 16 38
935 3 move 26 28
935 4 move 21 16
936 0 move 40 24
936 1 move 40 6
936 2 move 16 37
936 3 move 26 27
936 4 move 20 16
937 0 move 40 25
937 1 move 40 7
937 2 move 16 36
937 3 move 26 26
937 4 move 19 16
938 0 move 40 26
938 1 move 40 8
938 2 move 16 35
938 3 pick 25 26
938 4 move 19 15
939 0 move 40 27
939 1 move 40 9
939 2 move 16 34
939 3 move 26 25
939 4 pick 18 15
940 0 move 40 28
940 1 pick 39 9
940 2 pick 17 34
940 3 move 26 24
940 4 move 19 14
941 0 move 40 29
941 1 pick 39 9
941 2 pick 17 34
941 3 move 26 23
941 4 move 19 13
942 0 move 40 30
942 1 move 40 8
942 2 move 16 33
942 3 move 26 22
942 4 move 19 12
943 0 move 40 31
943 1 pick 39 8
943 2 pick 17 33
943 3 move 26 21
943 4 move 19 11
944 0 move 40 32
944 1 pick 39 8
944 2 move 16 32
944 3 move 25 21
944 4 move 19 10
945 0 move 40 33
945 1 move 40 9
945 2 move 16 31
945 3 move 24 21
945 4 move 19 9
946 0 move 40 34
946 1 move 40 10
946 2 move 16 30
946 3 move 23 21
946 4 move 19 8
947 0 move 40 35
947 1 move 40 11
947 2 move 16 29
947 3 move 23 22
947 4 move 19 7
948 0 move 40 36
948 1 pick 39 11
948 2 move 16 28
948 3 move 23 23
948 4 move 19 6
949 0 move 40 37
949 1 pick 39 11
949 2 pick 17 28
949 3 move 23 24
949 4 move 19 5
950 0 move 40 38
950 1 pick 39 11
950 2 pick 17 28
950 3 pick 24 24
950 4 move 19 4
951 0 move 40 39
951 1 pick 39 11
951 2 move 16 27
951 3 move 22 24
951 4 move 19 3
952 0 fulfill 40 39
952 1 pick 39 11
952 2 move 16 26
952 3 move 21 24
952 4 move 19 2
953 1 move 40 10
953 2 pick 17 26
953 3 move 20 24
953 4 move 19 1
954 1 move 40 9
954 2 move 16 25
954 3 move 19 24
954 4 move 19 0
955 1 move 40 8
955 2 move 16 24
955 3 move 19 25
955 4 fulfill 19 0
956 1 move 40 7
956 2 pick 17 24
956 3 move 19 26
957 1 move 40 6
957 2 move 16 23
957 3 move 19 27
958 1 move 40 5
958 2 pick 17 23
958 3 pick 18 27
959 1 move 40 4
959 2 move 16 22
959 3 pick 18 27
960 1 move 40 3
960 2 pick 17 22
960 3 pick 18 27
961 1 move 40 2
961 2 move 16 21
961 3 pick 18 27
962 1 move 40 1
962 2 move 17 21
962 3 pick 18 27
963 1 move 40 0
963 2 move 18 21
963 3 move 19 28
964 1 fulfill 40 0
964 2 move 19 21
964 3 move 19 29
965 2 move 19 22
965 3 move 19 30
966 2 move 19 23
966 3 move 19 31
967 2 move 19 24
967 3 pick 18 31
968 2 move 19 25
968 3 move 19 32
969 2 move 19 26
969 3 move 19 33
970 2 move 19 27
970 3 move 19 34
971 2 pick 18 27
971 3 move 19 35
972 2 pick 18 27
972 3 move 19 36
973 2 pick 18 27
973 3 move 19 37
974 2 pick 18 27
974 3 move 19 38
975 2 move 20 27
975 3 move 19 39
976 2 move 21 27
976 3 fulfill 19 39
977 2 move 22 27
978 2 move 23 27
979 2 move 23 28
980 2 move 23 29
981 2 move 23 30
982 2 move 23 31
983 2 move 23 32
984 2 move 24 32
985 2 move 25 32
986 2 move 26 32
987 2 move 26 31
988 2 move 26 30
989 2 move 26 29
990 2 move 26 28
991 2 move 26 27
992 2 pick 25 27
993 2 move 26 28
994 2 move 26 29
995 2 move 26 30
996 2 move 26 31
997 2 move 26 32
998 2 move 26 33
999 2 move 26 34
1000 2 move 26 35
1001 2 move 26 36
1002 2 move 26 37
1003 2 move 26 38
1004 2 move 26 39
1005 2 fulfill 26 39
