1 0 move 58 12
1 1 move 51 5
1 2 move 22 17
1 3 move 41 8
1 4 move 41 15
2 0 move 57 12
2 1 move 50 5
2 2 move 22 18
2 3 move 41 7
2 4 move 41 16
3 0 move 56 12
3 1 move 49 5
3 2 move 22 19
3 3 move 42 7
3 4 move 41 17
4 0 move 55 12
4 1 move 48 5
4 2 move 22 20
4 3 move 43 7
4 4 move 41 18
5 0 move 54 12
5 1 move 47 5
5 2 move 22 21
5 3 move 44 7
5 4 move 41 19
6 0 move 53 12
6 1 move 47 6
6 2 move 22 22
6 3 dock 45 7
6 4 move 41 20
7 0 move 52 12
7 1 pick 46 6
7 2 move 22 23
7 3 move 43 7
7 4 move 41 21
8 0 move 51 12
8 1 pick 46 6
8 2 move 22 24
8 3 undock 44 7
8 4 move 41 22
9 0 move 50 12
9 1 move 47 7
9 2 move 22 25
9 3 move 43 6
9 4 move 41 23
10 0 move 49 12
10 1 move 47 8
10 2 move 22 26
10 3 move 44 6
10 4 move 41 24
11 0 move 48 12
11 1 move 47 9
11 2 move 22 27
11 3 dock 44 7
11 4 move 41 25
12 0 move 47 12
12 1 move 47 10
12 2 move 22 28
12 3 move 43 6
12 4 move 41 26
13 0 pick 46 12
13 1 pick 46 10
13 2 move 23 28
13 3 move 42 6
13 4 move 41 27
14 0 move 47 11
14 1 pick 46 10
14 2 dock 24 28
14 3 move 41 6
14 4 move 41 28
15 1 pick 46 10
15 2 move 22 28
15 3 move 40 6
15 4 move 41 29
16 1 pick 46 10
16 2 undock 23 28
16 3 move 40 5
16 4 move 42 29
17 0 move 47 10
17 1 move 47 9
17 2 move 22 29
17 3 move 40 4
17 4 move 43 29
18 0 pick 46 10
18 1 move 47 8
18 2 move 23 29
18 3 move 39 4
18 4 move 44 29
19 0 move 47 9
19 1 move 47 7
19 2 dock 23 28
19 3 undock 39 5
19 4 dock 45 29
20 0 move 47 8
20 1 move 47 6
20 2 move 22 29
20 3 move 40 4
20 4 move 43 29
21 0 move 47 7
21 1 move 47 5
21 2 move 21 29
21 3 move 40 5
21 4 undock 44 29
22 0 move 47 6
22 1 move 46 5
22 2 move 20 29
22 3 move 40 6
22 4 move 43 30
23 0 move 47 5
23 1 move 45 5
23 2 move 19 29
23 3 move 40 7
23 4 move 44 30
24 0 move 46 5
24 1 move 44 5
24 2 move 19 30
24 3 move 40 8
24 4 dock 44 29
25 0 move 45 5
25 1 move 44 6
25 2 move 19 31
25 3 move 40 9
25 4 move 43 30
26 0 move 44 5
26 1 move 44 7
26 2 move 19 32
26 3 move 40 10
26 4 move 42 30
27 0 move 44 6
27 1 move 44 8
27 2 move 19 33
27 3 move 40 11
27 4 move 41 30
28 0 move 44 7
28 1 move 44 9
28 2 move 18 33
28 3 move 40 12
28 4 move 40 30
29 0 move 44 8
29 1 pick 45 9
29 2 move 17 33
29 3 move 40 13
29 4 move 40 31
30 0 move 44 9
30 1 move 44 8
30 2 move 17 34
30 3 move 41 13
30 4 move 40 32
31 0 move 44 10
31 1 move 44 7
31 2 undock 17 33
31 3 move 42 13
31 4 move 40 33
32 0 pick 45 10
32 1 move 44 6
32 2 move 18 34
32 3 move 43 13
32 4 move 39 33
33 0 pick 45 10
33 1 move 44 5
33 2 move 18 33
33 3 move 44 13
33 4 undock 39 32
34 0 pick 45 10
34 1 move 44 4
34 2 move 18 32
34 3 dock 45 13
34 4 move 38 33
35 0 move 43 10
35 1 move 44 3
35 2 move 19 32
35 3 move 43 13
35 4 move 38 32
36 0 move 42 10
36 1 move 44 2
36 2 move 19 31
36 3 undock 44 13
36 4 move 37 32
37 0 move 41 10
37 1 move 44 1
37 2 move 19 30
37 3 move 43 12
37 4 move 37 31
38 0 move 40 10
38 1 move 44 0
38 2 move 19 29
38 3 move 44 12
38 4 move 37 30
39 0 move 40 9
39 1 fulfill 44 0
39 2 move 19 28
39 3 dock 44 13
39 4 move 37 29
40 0 pick 39 9
40 1 move 44 1
40 2 move 19 27
40 3 move 43 12
40 4 move 37 28
41 0 move 40 8
41 1 move 44 2
41 2 move 19 26
41 3 move 42 12
41 4 move 37 27
42 0 move 40 7
42 1 move 44 3
42 2 move 19 25
42 3 move 41 12
42 4 move 37 26
43 0 move 40 6
43 1 move 44 4
43 2 move 19 24
43 3 move 40 12
43 4 move 37 25
44 0 move 40 5
44 1 move 44 5
44 2 move 19 23
44 3 move 40 11
44 4 move 37 24
45 0 move 40 4
45 1 move 45 5
45 2 move 19 22
45 3 move 40 10
45 4 move 37 23
46 0 move 39 4
46 1 move 46 5
46 2 move 19 21
46 3 move 40 9
46 4 move 37 22
47 0 move 38 4
47 1 pick 46 6
47 2 move 19 20
47 3 move 40 8
47 4 move 37 21
48 0 move 37 4
48 1 pick 46 6
48 2 move 19 19
48 3 move 40 7
48 4 move 37 20
49 0 move 37 5
49 1 move 47 5
49 2 move 19 18
49 3 move 40 6
49 4 move 37 19
50 0 move 37 6
50 1 move 47 6
50 2 move 19 17
50 3 move 40 5
50 4 move 37 18
51 0 move 37 7
51 1 move 47 7
51 2 move 19 16
51 3 move 40 4
51 4 move 37 17
52 0 move 37 8
52 1 move 47 8
52 2 move 19 15
52 3 move 40 3
52 4 move 37 16
53 0 move 37 9
53 1 pick 46 8
53 2 move 20 15
53 3 move 39 3
53 4 move 38 16
54 0 move 37 10
54 1 move 47 9
54 2 move 21 15
54 3 undock 39 4
54 4 dock 38 15
55 0 pick 38 10
55 1 move 47 10
55 2 move 22 15
55 3 move 38 3
55 4 move 38 17
56 0 move 37 9
56 1 pick 46 10
56 2 move 23 15
56 3 move 37 3
56 4 undock 38 16
57 0 move 37 8
57 1 move 47 9
57 2 dock 24 15
57 3 move 36 3
57 4 dock 38 16
58 0 move 37 7
58 1 move 47 8
58 2 move 23 16
58 3 move 35 3
58 4 move 38 18
59 0 move 37 6
59 1 move 47 7
59 2 undock 24 16
59 3 move 34 3
59 4 move 38 19
60 0 move 37 5
60 1 move 47 6
60 2 move 23 17
60 3 move 33 3
60 4 move 38 20
61 0 move 37 4
61 1 move 47 5
61 2 move 24 17
61 3 move 32 3
61 4 move 38 21
62 0 move 37 3
62 1 move 46 5
62 2 dock 24 16
62 3 move 32 4
62 4 move 37 21
63 0 move 37 2
63 1 move 45 5
63 2 move 23 17
63 3 move 32 5
63 4 move 37 22
64 0 move 37 1
64 1 move 44 5
64 2 move 22 17
64 3 dock 32 6
64 4 move 37 23
65 0 move 37 0
65 1 move 44 6
65 2 move 21 17
65 3 move 33 5
65 4 move 37 24
66 0 fulfill 37 0
66 1 move 44 7
66 2 move 20 17
66 3 undock 33 6
66 4 move 37 25
67 0 move 37 1
67 1 move 44 8
67 2 move 19 17
67 3 dock 33 6
67 4 move 37 26
68 0 move 37 2
68 1 pick 45 8
68 2 move 19 18
68 3 move 33 4
68 4 move 37 27
69 0 move 37 3
69 1 pick 45 8
69 2 move 19 19
69 3 move 33 3
69 4 move 37 28
70 0 move 37 4
70 1 move 44 7
70 2 move 19 20
70 3 move 33 2
70 4 move 37 29
71 0 move 37 5
71 1 move 44 6
71 2 move 19 21
71 3 move 34 2
71 4 move 37 30
72 0 move 37 6
72 1 move 44 5
72 2 move 19 22
72 3 move 35 2
72 4 move 37 31
73 0 pick 38 6
73 1 move 44 4
73 2 move 19 23
73 3 move 36 2
73 4 move 37 32
74 0 move 37 5
74 1 move 44 3
74 2 move 19 24
74 3 move 37 2
74 4 move 37 33
75 0 move 37 4
75 1 move 44 2
75 2 move 19 25
75 3 move 38 2
75 4 move 37 34
76 0 move 37 3
76 1 move 44 1
76 2 move 19 26
76 3 undock 38 3
76 4 move 38 34
77 0 move 37 2
77 1 move 44 0
77 2 move 19 27
77 3 move 39 2
77 4 move 39 34
78 0 move 38 2
78 1 fulfill 44 0
78 2 move 19 28
78 3 move 39 3
78 4 undock 39 33
79 0 move 39 2
79 1 move 44 1
79 2 move 19 29
79 3 move 40 3
79 4 move 40 34
80 0 move 39 3
80 1 move 44 2
80 2 move 19 30
80 3 move 40 4
80 4 move 40 33
81 0 move 40 3
81 1 move 44 3
81 2 move 19 31
81 3 move 40 5
81 4 move 40 32
82 0 move 40 4
82 1 move 44 4
82 2 move 19 32
82 3 move 40 6
82 4 move 40 31
83 0 move 40 5
83 1 move 44 5
83 2 move 19 33
83 3 move 40 7
83 4 move 40 30
84 0 move 40 6
84 1 move 45 5
84 2 move 18 33
84 3 move 40 8
84 4 move 40 29
85 0 move 40 7
85 1 move 46 5
85 2 move 18 34
85 3 move 40 9
85 4 move 40 28
86 0 move 40 8
86 1 pick 46 6
86 2 move 18 35
86 3 move 40 10
86 4 move 40 27
87 0 pick 39 8
87 1 pick 46 6
87 2 move 17 35
87 3 move 40 11
87 4 move 40 26
88 0 pick 39 8
88 1 move 47 5
88 2 undock 17 34
88 3 move 41 11
88 4 move 41 26
89 0 move 40 9
89 1 move 47 6
89 2 move 18 35
89 3 move 42 11
89 4 move 42 26
90 0 move 40 10
90 1 move 47 7
90 2 move 18 34
90 3 move 43 11
90 4 move 43 26
91 0 move 40 11
91 1 move 47 8
91 2 move 18 33
91 3 move 44 11
91 4 move 44 26
92 0 pick 39 11
92 1 move 47 9
92 2 move 18 32
92 3 dock 45 11
92 4 dock 45 26
93 0 pick 39 11
93 1 move 47 10
93 2 move 19 32
93 3 move 43 11
93 4 move 43 26
94 0 pick 39 11
94 1 pick 46 10
94 2 move 19 31
94 3 undock 44 11
94 4 undock 44 26
95 0 pick 39 11
95 1 pick 46 10
95 2 move 19 30
95 3 move 43 10
95 4 move 43 27
96 0 move 40 12
96 1 pick 46 10
96 2 move 19 29
96 3 move 44 10
96 4 move 44 27
97 0 move 40 13
97 1 move 47 11
97 2 move 19 28
97 3 dock 44 11
97 4 dock 44 26
98 0 move 40 14
98 1 move 47 12
98 2 move 19 27
98 3 move 43 10
98 4 move 43 27
99 0 move 40 15
99 1 pick 46 12
99 2 move 19 26
99 3 move 42 10
99 4 move 42 27
100 0 move 40 16
100 1 move 47 13
100 2 move 20 26
100 3 move 41 10
100 4 move 41 27
101 0 move 39 16
101 1 pick 46 13
101 2 move 21 26
101 3 move 40 10
101 4 move 40 27
102 0 move 38 16
102 1 move 48 13
102 2 move 22 26
102 3 move 40 9
102 4 move 40 28
103 0 move 37 16
103 1 move 49 13
103 2 move 23 26
103 3 move 40 8
103 4 move 40 29
104 0 move 36 16
104 1 move 50 13
104 2 dock 24 26
104 3 move 40 7
104 4 move 40 30
105 0 move 35 16
105 1 move 51 13
105 2 move 22 26
105 3 move 40 6
105 4 move 40 31
106 0 move 34 16
106 1 move 52 13
106 2 undock 23 26
106 3 move 40 5
106 4 move 40 32
107 0 move 33 16
107 1 move 53 13
107 2 move 22 27
107 3 move 40 4
107 4 move 40 33
108 0 move 33 15
108 1 move 54 13
108 2 move 23 27
108 3 move 40 3
108 4 move 40 34
109 0 move 33 14
109 1 move 55 13
109 2 dock 23 26
109 3 move 40 2
109 4 move 40 35
110 0 move 33 13
110 1 move 56 13
110 2 move 22 27
110 3 move 39 2
110 4 move 39 35
111 0 pick 32 13
111 1 move 57 13
111 2 move 21 27
111 3 move 39 1
111 4 undock 39 34
112 0 move 33 12
112 1 move 58 13
112 2 move 20 27
112 3 undock 39 2
112 4 move 38 35
113 0 move 33 11
113 1 move 59 13
113 2 move 19 27
113 3 move 40 1
113 4 move 37 35
114 0 move 33 10
114 1 fulfill 59 13
114 2 move 19 28
114 3 move 40 2
114 4 move 36 35
115 0 move 33 9
115 1 move 58 13
115 2 move 19 29
115 3 move 40 3
115 4 move 35 35
116 0 move 33 8
116 1 move 57 13
116 2 move 19 30
116 3 move 40 4
116 4 move 34 35
117 0 move 33 7
117 1 move 56 13
117 2 move 19 31
117 3 move 40 5
117 4 move 33 35
118 0 move 33 6
118 1 move 55 13
118 2 move 19 32
118 3 move 40 6
118 4 move 32 35
119 0 move 33 5
119 1 move 54 13
119 2 move 19 33
119 3 move 41 6
119 4 move 32 34
120 0 move 33 4
120 1 move 53 13
120 2 move 18 33
120 3 move 42 6
120 4 move 32 33
121 0 move 33 3
121 1 move 52 13
121 2 move 18 34
121 3 move 43 6
121 4 move 32 32
122 0 move 33 2
122 1 move 51 13
122 2 move 18 35
122 3 move 44 6
122 4 dock 32 31
123 0 move 33 1
123 1 move 50 13
123 2 undock 18 34
123 3 dock 45 6
123 4 move 33 32
124 0 move 33 0
124 1 move 49 13
124 2 move 19 35
124 3 move 43 6
124 4 undock 33 31
125 0 fulfill 33 0
125 1 move 48 13
125 2 move 19 34
125 3 undock 44 6
125 4 dock 33 31
126 0 move 33 1
126 1 move 47 13
126 2 move 19 33
126 3 move 43 5
126 4 move 33 33
127 0 move 33 2
127 1 move 47 12
127 2 move 19 32
127 3 move 44 5
127 4 move 33 34
128 0 move 33 3
128 1 pick 46 12
128 2 move 19 31
128 3 dock 44 6
128 4 move 33 35
129 0 move 33 4
129 1 move 47 11
129 2 move 20 31
129 3 move 43 5
129 4 move 33 36
130 0 move 33 5
130 1 move 47 10
130 2 move 21 31
130 3 move 42 5
130 4 move 34 36
131 0 move 33 6
131 1 pick 46 10
131 2 move 22 31
131 3 move 41 5
131 4 move 35 36
132 0 move 33 7
132 1 pick 46 10
132 2 move 23 31
132 3 move 40 5
132 4 move 36 36
133 0 move 33 8
133 1 move 47 9
133 2 dock 24 31
133 3 move 40 4
133 4 move 37 36
134 0 move 33 9
134 1 move 47 8
134 2 move 22 31
134 3 move 40 3
134 4 move 38 36
135 0 pick 32 9
135 1 move 47 7
135 2 undock 23 31
135 3 move 40 2
135 4 undock 38 35
136 0 move 33 10
136 1 move 47 6
136 2 move 22 32
136 3 move 40 1
136 4 move 37 36
137 0 move 33 11
137 1 move 47 5
137 2 move 23 32
137 3 move 40 0
137 4 move 36 36
138 0 pick 32 11
138 1 move 46 5
138 2 dock 23 31
138 3 move 39 0
138 4 move 35 36
139 0 move 33 12
139 1 move 45 5
139 2 move 22 32
139 3 move 38 0
140 0 move 33 13
140 1 move 44 5
140 2 move 21 32
140 3 undock 38 1
141 0 move 33 14
141 1 move 44 6
141 2 move 20 32
142 0 pick 32 14
142 1 move 44 7
142 2 move 19 32
143 0 pick 32 14
143 1 move 44 8
143 2 move 19 33
144 0 move 33 15
144 1 move 44 9
144 2 move 19 34
145 0 move 33 16
145 1 move 44 10
145 2 move 19 35
146 0 move 32 16
146 1 pick 45 10
146 2 move 19 36
147 0 move 31 16
147 1 pick 45 10
147 2 move 18 36
148 0 move 31 17
148 1 move 43 10
148 2 move 17 36
149 0 move 31 18
149 1 move 42 10
149 2 undock 17 35
150 0 move 31 19
150 1 move 41 10
150 2 move 16 36
151 0 move 31 20
151 1 move 40 10
151 2 move 15 36
152 0 move 31 21
152 1 move 40 9
152 2 move 14 36
153 0 pick 31 22
153 1 move 40 8
154 0 pick 31 22
154 1 move 40 7
155 0 pick 31 22
155 1 move 40 6
156 0 pick 31 22
156 1 move 40 5
157 0 pick 31 22
157 1 move 40 4
158 0 pick 31 22
158 1 move 40 3
159 0 pick 31 22
159 1 move 40 2
160 0 move 30 21
160 1 pick 39 2
161 0 move 30 22
161 1 move 40 1
162 0 move 30 23
162 1 move 40 0
163 0 move 30 24
163 1 fulfill 40 0
164 0 move 30 25
164 1 move 40 1
165 0 move 30 26
165 1 move 40 2
166 0 move 30 27
166 1 move 40 3
167 0 move 30 28
167 1 move 40 4
168 0 move 30 29
168 1 pick 39 4
169 0 move 30 30
169 1 move 40 5
170 0 move 30 31
170 1 move 40 6
171 0 move 30 32
171 1 move 40 7
172 0 move 30 33
172 1 move 40 8
173 0 move 30 34
173 1 pick 39 8
174 0 move 30 35
174 1 move 40 9
175 0 move 30 36
175 1 move 40 10
176 0 move 30 37
176 1 move 40 11
177 0 move 30 38
177 1 pick 39 11
178 0 move 30 39
178 1 pick 39 11
179 0 move 31 39
179 1 pick 39 11
180 0 fulfill 31 39
180 1 move 40 12
181 0 move 31 38
181 1 move 40 13
182 0 move 31 37
182 1 move 40 14
183 0 move 31 36
183 1 move 40 15
184 0 move 31 35
184 1 move 40 16
185 0 move 31 34
185 1 move 39 16
186 0 move 31 33
186 1 move 38 16
187 0 move 31 32
187 1 move 37 16
188 0 move 32 32
188 1 move 37 15
189 0 move 33 32
189 1 move 37 14
190 0 move 33 31
190 1 move 37 13
191 0 move 33 30
191 1 move 37 12
192 0 pick 32 30
192 1 move 37 11
193 0 move 33 29
193 1 move 37 10
194 0 move 33 28
194 1 move 37 9
195 0 move 33 27
195 1 pick 38 9
196 0 pick 32 27
196 1 pick 38 9
197 0 pick 32 27
197 1 pick 38 9
198 0 pick 32 27
198 1 move 37 8
199 0 pick 32 27
199 1 move 37 7
200 0 pick 32 27
200 1 move 37 6
201 0 pick 32 27
201 1 move 37 5
202 0 pick 32 27
202 1 move 37 4
203 0 move 34 27
203 1 move 37 3
204 0 move 35 27
204 1 move 37 2
205 0 move 36 27
205 1 move 37 1
206 0 move 37 27
206 1 move 37 0
207 0 pick 38 27
207 1 fulfill 37 0
208 0 move 37 26
208 1 move 37 1
209 0 move 37 25
209 1 move 37 2
210 0 move 37 24
210 1 move 37 3
211 0 move 37 23
211 1 move 37 4
212 0 move 37 22
212 1 move 37 5
213 0 move 37 21
213 1 move 37 6
214 0 move 38 21
214 1 move 37 7
215 0 move 39 21
215 1 move 37 8
216 0 move 40 21
216 1 move 37 9
217 0 move 40 22
217 1 pick 38 9
218 0 move 40 23
218 1 move 36 9
219 0 move 40 24
219 1 move 35 9
220 0 move 40 25
220 1 move 34 9
221 0 move 40 26
221 1 move 33 9
222 0 move 40 27
222 1 pick 32 9
223 0 move 40 28
223 1 move 33 8
224 0 move 40 29
224 1 move 33 7
225 0 pick 39 29
225 1 pick 32 7
226 0 move 40 30
226 1 move 33 6
227 0 move 40 31
227 1 move 33 5
228 0 move 40 32
228 1 move 32 5
229 0 move 40 33
229 1 move 31 5
230 0 move 40 34
230 1 move 30 5
231 0 move 40 35
231 1 move 29 5
232 0 move 40 36
232 1 move 28 5
233 0 move 40 37
233 1 move 27 5
234 0 move 40 38
234 1 move 26 5
235 0 move 40 39
235 1 move 26 6
236 0 fulfill 40 39
236 1 move 26 7
237 0 move 39 39
237 1 move 26 8
238 0 move 38 39
238 1 pick 25 8
239 0 move 38 38
239 1 pick 25 8
240 0 move 38 37
240 1 pick 25 8
241 0 move 38 36
241 1 pick 25 8
242 0 move 37 36
242 1 pick 25 8
243 0 move 37 35
243 1 pick 25 8
244 0 move 37 34
244 1 move 26 7
245 0 move 37 33
245 1 move 26 6
246 0 move 37 32
246 1 move 26 5
247 0 move 38 32
247 1 move 26 4
248 0 pick 38 31
248 1 move 26 3
249 0 pick 38 31
249 1 move 26 2
250 0 move 37 32
250 1 move 26 1
251 0 move 37 31
251 1 move 26 0
252 0 move 37 30
252 1 fulfill 26 0
253 0 move 37 29
253 1 move 26 1
254 0 pick 38 29
254 1 move 26 2
255 0 move 37 28
255 1 move 26 3
256 0 pick 38 28
256 1 move 26 4
257 0 move 37 27
257 1 move 26 5
258 0 move 37 26
258 1 move 26 6
259 0 move 37 25
259 1 move 26 7
260 0 move 37 24
260 1 move 26 8
261 0 move 37 23
261 1 pick 25 8
262 0 move 37 22
262 1 pick 25 8
263 0 move 37 21
263 1 pick 25 8
264 0 move 38 21
264 1 move 26 9
265 0 move 39 21
265 1 move 26 10
266 0 move 40 21
266 1 move 26 11
267 0 move 40 22
267 1 move 26 12
268 0 move 40 23
268 1 move 26 13
269 0 move 40 24
269 1 move 26 14
270 0 move 40 25
270 1 move 26 15
271 0 move 40 26
271 1 pick 25 15
272 0 move 40 27
272 1 move 26 16
273 0 move 40 28
273 1 move 25 16
274 0 pick 39 28
274 1 move 24 16
275 0 move 40 29
275 1 move 24 17
276 0 pick 39 29
276 1 move 24 18
277 0 move 40 30
277 1 move 24 19
278 0 move 40 31
278 1 move 24 20
279 0 move 40 32
279 1 move 24 21
280 0 move 40 33
280 1 pick 24 22
281 0 move 40 34
281 1 move 23 21
282 0 move 40 35
282 1 move 23 22
283 0 move 40 36
283 1 move 23 23
284 0 move 40 37
284 1 move 23 24
285 0 move 40 38
285 1 move 23 25
286 0 move 40 39
286 1 move 23 26
287 0 fulfill 40 39
287 1 move 23 27
288 0 move 39 39
288 1 move 23 28
289 0 move 39 38
289 1 move 23 29
290 0 move 39 37
290 1 move 23 30
291 0 move 39 36
291 1 move 23 31
292 0 move 39 35
292 1 move 23 32
293 0 pick 38 35
293 1 move 23 33
294 0 move 40 35
294 1 move 23 34
295 0 move 40 34
295 1 move 23 35
296 0 move 40 33
296 1 move 23 36
297 0 move 40 32
297 1 move 23 37
298 0 move 40 31
298 1 move 23 38
299 0 move 40 30
299 1 move 23 39
300 0 move 40 29
300 1 move 24 39
301 0 pick 39 29
301 1 fulfill 24 39
302 0 move 40 28
302 1 move 24 38
303 0 pick 39 28
303 1 move 24 37
304 0 move 40 27
304 1 move 24 36
305 0 move 40 26
305 1 move 24 35
306 0 pick 39 26
306 1 move 24 34
307 0 move 40 25
307 1 move 24 33
308 0 move 40 24
308 1 move 24 32
309 0 pick 39 24
309 1 move 25 32
310 0 move 40 23
310 1 pick 25 31
311 0 move 40 22
311 1 pick 25 31
312 0 move 40 21
312 1 pick 25 31
313 0 move 39 21
313 1 pick 25 31
314 0 move 38 21
314 1 move 24 32
315 0 move 37 21
315 1 move 23 32
316 0 move 36 21
316 1 move 22 32
317 0 move 35 21
317 1 move 21 32
318 0 move 34 21
318 1 move 20 32
319 0 move 33 21
319 1 move 19 32
320 0 move 32 21
320 1 move 18 32
321 0 move 31 21
321 1 move 17 32
322 0 move 30 21
322 1 pick 17 31
323 0 move 30 22
323 1 pick 17 31
324 0 move 30 23
324 1 move 18 32
325 0 pick 31 23
325 1 move 18 33
326 0 move 30 24
326 1 pick 18 34
327 0 move 30 25
327 1 move 18 32
328 0 move 30 26
328 1 move 19 32
329 0 move 30 27
329 1 move 19 31
330 0 move 30 28
330 1 move 19 30
331 0 move 30 29
331 1 move 19 29
332 0 move 30 30
332 1 move 19 28
333 0 move 30 31
333 1 move 19 27
334 0 move 30 32
334 1 pick 18 27
335 0 move 30 33
335 1 pick 18 27
336 0 move 30 34
336 1 pick 18 27
337 0 move 30 35
337 1 move 19 26
338 0 move 30 36
338 1 move 19 25
339 0 move 30 37
339 1 move 19 24
340 0 move 30 38
340 1 move 19 23
341 0 move 30 39
341 1 move 19 22
342 0 fulfill 30 39
342 1 move 19 21
343 0 move 30 38
343 1 move 18 21
344 0 move 30 37
344 1 move 17 21
345 0 move 30 36
345 1 move 16 21
346 0 move 30 35
346 1 move 16 22
347 0 move 30 34
347 1 move 16 23
348 0 move 30 33
348 1 move 16 24
349 0 move 30 32
349 1 move 16 25
350 0 move 30 31
350 1 move 16 26
351 0 move 30 30
351 1 pick 17 26
352 0 move 30 29
352 1 move 16 27
353 0 pick 31 29
353 1 move 16 28
354 0 move 30 30
354 1 move 16 29
355 0 move 30 31
355 1 move 16 30
356 0 move 30 32
356 1 move 16 31
357 0 move 31 32
357 1 move 16 32
358 0 move 32 32
358 1 move 16 33
359 0 move 33 32
359 1 move 16 34
360 0 move 33 31
360 1 move 16 35
361 0 move 33 30
361 1 move 16 36
362 0 move 33 29
362 1 move 16 37
363 0 pick 32 29
363 1 move 16 38
364 0 move 33 28
364 1 move 16 39
365 0 pick 32 28
365 1 fulfill 16 39
366 0 move 33 27
366 1 move 15 39
367 0 pick 32 27
367 1 move 14 39
368 0 pick 32 27
368 1 move 13 39
369 0 pick 32 27
369 1 move 12 39
370 0 pick 32 27
370 1 move 11 39
371 0 pick 32 27
371 1 move 10 39
372 0 pick 32 27
372 1 move 10 38
373 0 move 33 26
373 1 move 10 37
374 0 pick 32 26
374 1 move 10 36
375 0 pick 32 26
375 1 move 10 35
376 0 move 33 25
376 1 move 10 34
377 0 move 33 24
377 1 move 10 33
378 0 move 33 23
378 1 move 10 32
379 0 move 33 22
379 1 pick 10 31
380 0 pick 32 22
380 1 move 9 32
381 0 pick 32 22
381 1 move 9 31
382 0 pick 32 22
382 1 move 9 30
383 0 move 33 23
383 1 move 9 29
384 0 move 33 24
384 1 move 9 28
385 0 move 33 25
385 1 move 9 27
386 0 move 33 26
386 1 pick 10 27
387 0 move 33 27
387 1 move 9 26
388 0 move 33 28
388 1 move 9 25
389 0 move 33 29
389 1 move 9 24
390 0 move 33 30
390 1 move 9 23
391 0 move 33 31
391 1 move 9 22
392 0 move 33 32
392 1 move 9 21
393 0 move 33 33
393 1 move 10 21
394 0 move 33 34
394 1 move 11 21
395 0 move 33 35
395 1 move 12 21
396 0 move 33 36
396 1 move 12 22
397 0 move 33 37
397 1 move 12 23
398 0 move 33 38
398 1 move 12 24
399 0 move 33 39
399 1 move 12 25
400 0 fulfill 33 39
400 1 move 12 26
401 0 move 33 38
401 1 move 13 26
402 0 move 33 37
402 1 move 14 26
403 0 move 33 36
403 1 move 15 26
404 0 move 33 35
404 1 move 16 26
405 0 move 33 34
405 1 pick 17 26
406 0 move 33 33
406 1 move 16 25
407 0 move 33 32
407 1 move 16 24
408 0 move 33 31
408 1 move 16 23
409 0 move 33 30
409 1 move 16 22
410 0 move 33 29
410 1 move 16 21
411 0 move 33 28
411 1 move 17 21
412 0 move 33 27
412 1 move 18 21
413 0 pick 32 27
413 1 move 19 21
414 0 pick 32 27
414 1 move 19 22
415 0 pick 32 27
415 1 move 19 23
416 0 move 33 26
416 1 move 19 24
417 0 move 33 25
417 1 move 19 25
418 0 move 33 24
418 1 move 19 26
419 0 move 33 23
419 1 move 19 27
420 0 move 33 22
420 1 pick 18 27
421 0 pick 32 22
421 1 pick 18 27
422 0 move 33 21
422 1 pick 18 27
423 0 move 32 21
423 1 move 19 28
424 0 move 31 21
424 1 move 19 29
425 0 move 30 21
425 1 move 19 30
426 0 move 29 21
426 1 move 19 31
427 0 move 28 21
427 1 move 19 32
428 0 move 27 21
428 1 move 19 33
429 0 move 26 21
429 1 move 19 34
430 0 move 26 22
430 1 move 19 35
431 0 move 26 23
431 1 move 19 36
432 0 pick 25 23
432 1 move 19 37
433 0 move 26 22
433 1 move 19 38
434 0 move 26 21
434 1 move 19 39
435 0 move 26 20
435 1 fulfill 19 39
436 0 move 26 19
436 1 move 18 39
437 0 move 26 18
437 1 move 18 38
438 0 move 26 17
438 1 move 18 37
439 0 move 26 16
439 1 move 18 36
440 0 move 26 15
440 1 move 18 35
441 0 pick 25 15
441 1 pick 17 35
442 0 move 26 14
442 1 move 18 36
443 0 move 26 13
443 1 move 17 36
444 0 move 26 12
444 1 move 16 36
445 0 move 26 11
445 1 move 16 35
446 0 move 26 10
446 1 move 16 34
447 0 move 26 9
447 1 move 16 33
448 0 move 26 8
448 1 move 16 32
449 0 move 26 7
449 1 move 16 31
450 0 move 26 6
450 1 move 16 30
451 0 move 26 5
451 1 move 16 29
452 0 move 26 4
452 1 pick 17 29
453 0 move 26 3
453 1 pick 17 29
454 0 move 26 2
454 1 pick 17 29
455 0 move 26 1
455 1 move 16 28
456 0 move 26 0
456 1 pick 17 28
457 0 fulfill 26 0
457 1 pick 17 28
458 0 move 26 1
458 1 pick 17 28
459 0 move 26 2
459 1 move 15 28
460 0 move 26 3
460 1 move 14 28
461 0 move 26 4
461 1 move 13 28
462 0 move 26 5
462 1 move 12 28
463 0 move 26 6
463 1 pick 11 28
464 0 move 26 7
464 1 move 13 28
465 0 move 26 8
465 1 move 14 28
466 0 pick 25 8
466 1 move 15 28
467 0 pick 25 8
467 1 move 16 28
468 0 pick 25 8
468 1 move 16 29
469 0 pick 25 8
469 1 move 16 30
470 0 pick 25 8
470 1 move 16 31
471 0 move 26 7
471 1 move 16 32
472 0 move 26 6
472 1 move 17 32
473 0 move 26 5
473 1 move 18 32
474 0 move 25 5
474 1 move 19 32
475 0 move 24 5
475 1 move 19 31
476 0 move 23 5
476 1 move 19 30
477 0 move 23 6
477 1 move 19 29
478 0 move 23 7
478 1 move 19 28
479 0 move 23 8
479 1 move 19 27
480 0 pick 24 8
480 1 pick 18 27
481 0 move 22 8
481 1 pick 18 27
482 0 move 21 8
482 1 move 19 28
483 0 move 20 8
483 1 move 19 29
484 0 move 19 8
484 1 move 19 30
485 0 pick 18 8
485 1 move 19 31
486 0 move 19 7
486 1 move 19 32
487 0 move 19 6
487 1 move 19 33
488 0 move 19 5
488 1 move 19 34
489 0 move 18 5
489 1 move 19 35
490 0 move 17 5
490 1 move 19 36
491 0 move 16 5
491 1 move 19 37
492 0 move 16 6
492 1 move 19 38
493 0 move 16 7
493 1 move 19 39
494 0 move 16 8
494 1 fulfill 19 39
495 0 move 16 9
495 1 move 19 38
496 0 move 16 10
496 1 move 19 37
497 0 move 16 11
497 1 move 19 36
498 0 pick 17 11
498 1 move 19 35
499 0 move 16 10
499 1 move 19 34
500 0 move 16 9
500 1 move 19 33
501 0 move 16 8
501 1 move 19 32
502 0 move 16 7
502 1 move 19 31
503 0 move 16 6
503 1 move 19 30
504 0 move 16 5
504 1 move 19 29
505 0 move 16 4
505 1 move 19 28
506 0 move 16 3
506 1 move 19 27
507 0 move 16 2
507 1 pick 18 27
508 0 move 16 1
508 1 pick 18 27
509 0 move 16 0
509 1 move 19 26
510 0 fulfill 16 0
510 1 pick 18 26
511 0 move 15 0
511 1 move 19 25
512 0 move 14 0
512 1 move 19 24
513 0 move 13 0
513 1 move 19 23
514 0 move 12 0
514 1 move 19 22
515 0 move 11 0
515 1 move 19 21
516 0 move 10 0
516 1 move 18 21
517 0 move 10 1
517 1 move 17 21
518 0 move 10 2
518 1 move 16 21
519 0 move 10 3
519 1 move 16 22
520 0 move 10 4
520 1 move 16 23
521 0 move 10 5
521 1 move 16 24
522 0 pick 10 6
522 1 move 16 25
523 0 pick 10 6
523 1 move 16 26
524 0 pick 10 6
524 1 move 16 27
525 0 pick 10 6
525 1 pick 17 27
526 0 move 11 5
526 1 pick 17 27
527 0 move 12 5
527 1 move 16 28
528 0 move 12 6
528 1 move 16 29
529 0 move 12 7
529 1 pick 17 29
530 0 move 12 8
530 1 move 16 30
531 0 move 12 9
531 1 move 16 31
532 0 move 12 10
532 1 move 16 32
533 0 move 12 11
533 1 move 16 33
534 0 move 12 12
534 1 move 16 34
535 0 move 12 13
535 1 move 16 35
536 0 move 13 13
536 1 move 16 36
537 0 move 14 13
537 1 move 16 37
538 0 move 15 13
538 1 move 16 38
539 0 move 16 13
539 1 move 16 39
540 0 pick 17 13
540 1 fulfill 16 39
541 0 move 16 14
541 1 move 16 38
542 0 move 16 15
542 1 move 16 37
543 0 move 16 16
543 1 move 16 36
544 0 move 16 17
544 1 move 16 35
545 0 move 16 18
545 1 move 16 34
546 0 move 16 19
546 1 move 16 33
547 0 move 16 20
547 1 move 16 32
548 0 move 16 21
548 1 move 16 31
549 0 move 16 22
549 1 move 16 30
550 0 move 16 23
550 1 move 16 29
551 0 move 16 24
551 1 pick 17 29
552 0 move 16 25
552 1 move 16 28
553 0 move 16 26
553 1 move 16 27
554 0 move 16 27
554 1 move 16 26
555 0 move 16 28
555 1 pick 17 26
556 0 move 16 29
556 1 pick 17 26
557 0 pick 17 29
557 1 move 16 25
558 0 move 16 30
558 1 move 16 24
559 0 move 16 31
559 1 move 16 23
560 0 move 16 32
560 1 move 16 22
561 0 move 16 33
561 1 move 16 21
562 0 move 16 34
562 1 move 17 21
563 0 move 16 35
563 1 move 18 21
564 0 move 16 36
564 1 move 19 21
565 0 move 16 37
565 1 move 19 22
566 0 move 16 38
566 1 move 19 23
567 0 move 16 39
567 1 move 19 24
568 0 fulfill 16 39
568 1 move 19 25
569 0 move 15 39
569 1 move 19 26
570 0 move 14 39
570 1 pick 18 26
571 0 move 14 38
571 1 move 19 27
572 0 move 13 38
572 1 pick 18 27
573 0 move 12 38
573 1 pick 18 27
574 0 move 12 37
574 1 pick 18 27
575 0 move 12 36
575 1 pick 18 27
576 0 move 12 35
576 1 move 19 28
577 0 move 12 34
577 1 move 19 29
578 0 move 12 33
578 1 move 19 30
579 0 move 12 32
579 1 move 19 31
580 0 move 12 31
580 1 move 19 32
581 0 move 12 30
581 1 move 19 33
582 0 pick 11 30
582 1 move 19 34
583 0 move 12 29
583 1 move 19 35
584 0 move 12 28
584 1 move 19 36
585 0 move 12 27
585 1 move 19 37
586 0 move 12 26
586 1 move 19 38
587 0 pick 11 26
587 1 move 19 39
588 0 move 13 26
588 1 fulfill 19 39
589 0 move 14 26
589 1 move 19 38
590 0 move 15 26
590 1 move 19 37
591 0 move 16 26
591 1 move 19 36
592 0 move 16 25
592 1 move 19 35
593 0 move 16 24
593 1 move 19 34
594 0 move 16 23
594 1 move 19 33
595 0 move 16 22
595 1 move 18 33
596 0 move 16 21
596 1 pick 17 33
597 0 move 17 21
597 1 move 18 32
598 0 move 18 21
598 1 move 17 32
599 0 move 19 21
599 1 move 16 32
600 0 move 19 22
600 1 move 16 31
601 0 move 19 23
601 1 move 16 30
602 0 move 19 24
602 1 move 16 29
603 0 move 19 25
603 1 move 16 28
604 0 move 19 26
604 1 pick 17 28
605 0 move 19 27
605 1 pick 17 28
606 0 pick 18 27
606 1 pick 17 28
607 0 pick 18 27
607 1 pick 17 28
608 0 pick 18 27
608 1 pick 17 28
609 0 pick 18 27
609 1 pick 17 28
610 0 pick 18 27
610 1 move 15 28
611 0 pick 18 27
611 1 move 14 28
612 0 move 19 26
612 1 move 13 28
613 0 move 19 25
613 1 move 12 28
614 0 move 19 24
614 1 pick 11 28
615 0 move 19 23
615 1 move 12 27
616 0 move 19 22
616 1 move 12 26
617 0 move 19 21
617 1 move 12 25
618 0 move 19 20
618 1 move 12 24
619 0 move 19 19
619 1 move 12 23
620 0 move 19 18
620 1 pick 11 23
621 0 move 19 17
621 1 move 12 22
622 0 move 19 16
622 1 move 12 21
623 0 move 19 15
623 1 move 11 21
624 0 move 19 14
624 1 move 10 21
625 0 move 19 13
625 1 move 9 21
626 0 move 19 12
626 1 move 9 22
627 0 pick 18 12
627 1 pick 10 22
628 0 move 19 11
628 1 move 9 21
629 0 move 19 10
629 1 move 10 21
630 0 move 19 9
630 1 move 11 21
631 0 move 19 8
631 1 move 12 21
632 0 move 19 7
632 1 move 13 21
633 0 move 19 6
633 1 move 14 21
634 0 move 19 5
634 1 move 15 21
635 0 move 19 4
635 1 move 16 21
636 0 move 19 3
636 1 move 17 21
637 0 move 19 2
637 1 move 18 21
638 0 move 19 1
638 1 move 19 21
639 0 move 19 0
639 1 move 19 22
640 0 fulfill 19 0
640 1 move 19 23
641 0 move 18 0
641 1 move 19 24
642 0 move 17 0
642 1 move 19 25
643 0 move 17 1
643 1 move 19 26
644 0 move 17 2
644 1 move 19 27
645 0 move 17 3
645 1 pick 18 27
646 0 move 17 4
646 1 pick 18 27
647 0 move 17 5
647 1 move 19 28
648 0 pick 17 6
648 1 move 19 29
649 0 move 16 5
649 1 move 19 30
650 0 move 16 6
650 1 move 19 31
651 0 move 16 7
651 1 move 19 32
652 0 move 16 8
652 1 move 19 33
653 0 move 16 9
653 1 move 19 34
654 0 move 16 10
654 1 move 19 35
655 0 pick 17 10
655 1 move 19 36
656 0 move 16 11
656 1 move 19 37
657 0 pick 17 11
657 1 move 19 38
658 0 pick 17 11
658 1 move 19 39
659 0 pick 17 11
659 1 fulfill 19 39
660 0 move 16 12
660 1 move 18 39
661 0 move 16 13
661 1 move 17 39
662 0 move 16 14
662 1 move 16 39
663 0 move 16 15
663 1 move 16 38
664 0 move 16 16
664 1 move 16 37
665 0 move 17 16
665 1 move 16 36
666 0 move 18 16
666 1 move 16 35
667 0 move 19 16
667 1 move 16 34
668 0 move 19 15
668 1 pick 17 34
669 0 pick 18 15
669 1 move 16 33
670 0 move 19 14
670 1 move 16 32
671 0 move 19 13
671 1 move 16 31
672 0 move 19 12
672 1 move 16 30
673 0 move 20 12
673 1 move 16 29
674 0 move 21 12
674 1 pick 17 29
675 0 move 22 12
675 1 move 16 28
676 0 move 23 12
676 1 pick 17 28
677 0 pick 24 12
677 1 pick 17 28
678 0 pick 24 12
678 1 pick 17 28
679 0 pick 24 12
679 1 pick 17 28
680 0 move 23 13
680 1 pick 17 28
681 0 move 23 14
681 1 move 16 29
682 0 move 23 15
682 1 move 16 30
683 0 move 23 16
683 1 move 16 31
684 0 move 23 17
684 1 move 16 32
685 0 move 23 18
685 1 move 17 32
686 0 move 23 19
686 1 move 18 32
687 0 move 23 20
687 1 move 19 32
688 0 move 23 21
688 1 move 19 31
689 0 move 23 22
689 1 move 19 30
690 0 pick 24 22
690 1 move 19 29
691 0 move 23 23
691 1 move 19 28
692 0 move 23 24
692 1 move 19 27
693 0 move 23 25
693 1 pick 18 27
694 0 move 23 26
694 1 pick 18 27
695 0 move 23 27
695 1 pick 18 27
696 0 move 23 28
696 1 move 19 26
697 0 move 23 29
697 1 move 19 25
698 0 move 23 30
698 1 pick 18 25
699 0 move 23 31
699 1 move 19 24
700 0 move 23 32
700 1 move 19 23
701 0 move 23 33
701 1 move 19 22
702 0 move 23 34
702 1 move 19 21
703 0 move 23 35
703 1 move 18 21
704 0 move 23 36
704 1 move 17 21
705 0 move 23 37
705 1 move 16 21
706 0 move 23 38
706 1 move 16 22
707 0 move 23 39
707 1 pick 17 22
708 0 fulfill 23 39
708 1 move 15 22
709 0 move 23 38
709 1 move 14 22
710 0 move 23 37
710 1 move 13 22
711 0 move 23 36
711 1 move 12 22
712 0 move 23 35
712 1 move 12 21
713 0 move 23 34
713 1 move 11 21
714 0 move 23 33
714 1 move 10 21
715 0 move 23 32
715 1 move 10 20
716 0 move 24 32
716 1 move 10 19
717 0 move 25 32
717 1 move 10 18
718 0 pick 25 31
718 1 move 10 17
719 0 move 26 32
719 1 move 10 16
720 0 move 26 31
720 1 pick 10 15
721 0 move 26 30
721 1 pick 10 15
722 0 move 26 29
722 1 move 9 16
723 0 move 26 28
723 1 move 8 16
724 0 pick 25 28
724 1 move 7 16
725 0 pick 25 28
725 1 move 6 16
726 0 move 26 27
726 1 move 5 16
727 0 move 26 26
727 1 move 4 16
728 0 move 26 25
728 1 move 3 16
729 0 move 26 24
729 1 move 2 16
730 0 pick 25 24
730 1 move 1 16
731 0 move 27 24
731 1 move 0 16
732 0 move 28 24
732 1 fulfill 0 16
733 0 move 29 24
733 1 move 0 15
734 0 move 30 24
734 1 move 0 14
735 0 pick 31 24
735 1 move 1 14
736 0 pick 31 24
736 1 move 2 14
737 0 pick 31 24
737 1 move 3 14
738 0 move 30 23
738 1 move 4 14
739 0 move 30 22
739 1 move 5 14
740 0 move 30 21
740 1 move 6 14
741 0 move 31 21
741 1 move 7 14
742 0 move 32 21
742 1 move 8 14
743 0 move 33 21
743 1 move 9 14
744 0 move 33 22
744 1 pick 10 14
745 0 move 33 23
745 1 move 9 13
746 0 move 34 23
746 1 move 9 12
747 0 move 35 23
747 1 pick 10 12
748 0 move 36 23
748 1 move 9 11
749 0 move 37 23
749 1 pick 10 11
750 0 pick 38 23
750 1 pick 10 11
751 0 move 37 24
751 1 move 9 10
752 0 move 37 25
752 1 move 9 9
753 0 move 37 26
753 1 move 9 8
754 0 move 37 27
754 1 move 9 7
755 0 move 37 28
755 1 move 9 6
756 0 move 37 29
756 1 pick 10 6
757 0 move 37 30
757 1 pick 10 6
758 0 move 37 31
758 1 pick 10 6
759 0 move 37 32
759 1 move 9 5
760 0 move 37 33
760 1 move 10 5
761 0 move 37 34
761 1 move 11 5
762 0 move 37 35
762 1 move 12 5
763 0 move 37 36
763 1 move 12 6
764 0 move 37 37
764 1 move 12 7
765 0 move 37 38
765 1 pick 11 7
766 0 move 37 39
766 1 move 12 6
767 0 fulfill 37 39
767 1 move 12 5
768 0 move 37 38
768 1 move 12 4
769 0 move 37 37
769 1 move 12 3
770 0 move 37 36
770 1 move 12 2
771 0 move 37 35
771 1 move 12 1
772 0 pick 38 35
772 1 move 12 0
773 0 pick 38 35
773 1 fulfill 12 0
774 0 move 37 34
774 1 move 11 0
775 0 move 37 33
775 1 move 10 0
776 0 move 37 32
776 1 move 10 1
777 0 move 37 31
777 1 move 10 2
778 0 pick 38 31
778 1 move 10 3
779 0 move 37 30
779 1 move 10 4
780 0 move 37 29
780 1 move 10 5
781 0 move 37 28
781 1 pick 10 6
782 0 pick 38 28
782 1 pick 10 6
783 0 pick 38 28
783 1 pick 10 6
784 0 move 37 27
784 1 pick 10 6
785 0 move 37 26
785 1 pick 10 6
786 0 move 37 25
786 1 move 9 5
787 0 move 37 24
787 1 move 9 6
788 0 move 37 23
788 1 move 9 7
789 0 move 37 22
789 1 move 9 8
790 0 move 37 21
790 1 pick 10 8
791 0 move 38 21
791 1 move 9 9
792 0 move 39 21
792 1 pick 10 9
793 0 move 40 21
793 1 move 9 10
794 0 move 40 22
794 1 pick 10 10
795 0 move 40 23
795 1 move 9 11
796 0 move 40 24
796 1 move 9 12
797 0 move 40 25
797 1 pick 10 12
798 0 move 40 26
798 1 move 8 12
799 0 move 40 27
799 1 move 7 12
800 0 move 40 28
800 1 move 6 12
801 0 pick 39 28
801 1 move 5 12
802 0 pick 39 28
802 1 move 4 12
803 0 pick 39 28
803 1 move 3 12
804 0 pick 39 28
804 1 move 2 12
805 0 move 40 29
805 1 move 1 12
806 0 pick 39 29
806 1 move 0 12
807 0 pick 39 29
807 1 fulfill 0 12
808 0 move 41 29
808 1 move 0 11
809 0 move 42 29
809 1 move 1 11
810 0 move 43 29
810 1 move 2 11
811 0 move 44 29
811 1 move 3 11
812 0 move 44 30
812 1 move 4 11
813 0 move 44 31
813 1 move 5 11
814 0 move 44 32
814 1 move 6 11
815 0 move 45 32
815 1 move 7 11
816 0 move 46 32
816 1 move 8 11
817 0 move 47 32
817 1 move 9 11
818 0 move 47 31
818 1 pick 10 11
819 0 move 47 30
819 1 pick 10 11
820 0 move 47 29
820 1 move 9 10
821 0 move 47 28
821 1 move 9 9
822 0 pick 46 28
822 1 move 9 8
823 0 move 47 29
823 1 pick 10 8
824 0 move 47 30
824 1 move 9 7
825 0 move 47 31
825 1 move 9 6
826 0 move 47 32
826 1 pick 10 6
827 0 move 47 33
827 1 pick 10 6
828 0 move 47 34
828 1 move 9 5
829 0 move 47 35
829 1 move 10 5
830 0 move 47 36
830 1 move 11 5
831 0 move 47 37
831 1 move 12 5
832 0 move 47 38
832 1 move 12 6
833 0 move 47 39
833 1 move 12 7
834 0 fulfill 47 39
834 1 move 12 8
835 0 move 47 38
835 1 move 12 9
836 0 move 47 37
836 1 move 12 10
837 0 move 47 36
837 1 move 12 11
838 0 move 47 35
838 1 move 12 12
839 0 move 47 34
839 1 move 12 13
840 0 move 47 33
840 1 move 13 13
841 0 move 47 32
841 1 move 14 13
842 0 move 47 31
842 1 move 15 13
843 0 move 47 30
843 1 move 16 13
844 0 move 47 29
844 1 pick 17 13
845 0 move 47 28
845 1 pick 17 13
846 0 move 47 27
846 1 move 16 14
847 0 move 47 26
847 1 move 16 15
848 0 pick 46 26
848 1 move 16 16
849 0 move 47 27
849 1 move 16 17
850 0 move 47 28
850 1 move 16 18
851 0 move 47 29
851 1 move 16 19
852 0 move 47 30
852 1 move 16 20
853 0 move 47 31
853 1 move 16 21
854 0 move 47 32
854 1 move 16 22
855 0 move 46 32
855 1 move 16 23
856 0 move 45 32
856 1 move 16 24
857 0 move 44 32
857 1 move 16 25
858 0 move 44 31
858 1 move 16 26
859 0 move 44 30
859 1 move 16 27
860 0 move 44 29
860 1 move 16 28
861 0 move 44 28
861 1 move 16 29
862 0 pick 45 28
862 1 pick 17 29
863 0 move 43 28
863 1 move 16 30
864 0 move 42 28
864 1 move 16 31
865 0 move 41 28
865 1 move 16 32
866 0 move 40 28
866 1 move 16 33
867 0 pick 39 28
867 1 move 16 34
868 0 move 40 29
868 1 move 16 35
869 0 pick 39 29
869 1 move 16 36
870 0 pick 39 29
870 1 move 16 37
871 0 pick 39 29
871 1 move 16 38
872 0 pick 39 29
872 1 move 16 39
873 0 pick 39 29
873 1 fulfill 16 39
874 0 pick 39 29
874 1 move 16 38
875 0 pick 39 29
875 1 move 16 37
876 0 move 40 30
876 1 move 16 36
877 0 pick 39 30
877 1 move 16 35
878 0 move 40 29
878 1 move 16 34
879 0 move 40 28
879 1 move 16 33
880 0 move 40 27
880 1 move 16 32
881 0 move 40 26
881 1 move 16 31
882 0 move 40 25
882 1 pick 17 31
883 0 move 40 24
883 1 move 16 30
884 0 move 40 23
884 1 move 16 29
885 0 move 40 22
885 1 move 16 28
886 0 move 40 21
886 1 pick 17 28
887 0 move 39 21
887 1 pick 17 28
888 0 move 38 21
888 1 move 16 29
889 0 move 37 21
889 1 move 16 30
890 0 move 37 22
890 1 move 16 31
891 0 move 37 23
891 1 move 16 32
892 0 move 37 24
892 1 move 17 32
893 0 move 37 25
893 1 move 18 32
894 0 pick 38 25
894 1 move 19 32
895 0 pick 38 25
895 1 move 19 31
896 0 move 36 25
896 1 move 19 30
897 0 move 35 25
897 1 move 19 29
898 0 move 34 25
898 1 move 19 28
899 0 move 33 25
899 1 move 19 27
900 0 move 33 24
900 1 pick 18 27
901 0 move 33 23
901 1 move 19 26
902 0 move 33 22
902 1 pick 18 26
903 0 move 33 21
903 1 move 19 27
904 0 move 32 21
904 1 move 19 28
905 0 move 31 21
905 1 move 19 29
906 0 move 30 21
906 1 move 19 30
907 0 move 30 22
907 1 move 19 31
908 0 move 30 23
908 1 move 19 32
909 0 pick 31 23
909 1 move 19 33
910 0 move 30 24
910 1 move 19 34
911 0 move 30 25
911 1 move 19 35
912 0 move 30 26
912 1 move 19 36
913 0 move 30 27
913 1 move 19 37
914 0 move 30 28
914 1 move 19 38
915 0 move 30 29
915 1 move 19 39
916 0 move 30 30
916 1 fulfill 19 39
917 0 move 30 31
917 1 move 19 38
918 0 move 30 32
918 1 move 19 37
919 0 move 30 33
919 1 move 19 36
920 0 move 30 34
920 1 move 19 35
921 0 move 30 35
921 1 move 19 34
922 0 move 30 36
922 1 move 19 33
923 0 move 30 37
923 1 move 19 32
924 0 move 30 38
924 1 move 19 31
925 0 move 30 39
925 1 move 19 30
926 0 fulfill 30 39
926 1 pick 18 30
927 0 move 30 38
927 1 move 19 29
928 0 move 30 37
928 1 pick 18 29
929 0 move 30 36
929 1 move 19 28
930 0 move 30 35
930 1 move 19 27
931 0 move 30 34
931 1 pick 18 27
932 0 move 30 33
932 1 pick 18 27
933 0 move 30 32
933 1 move 19 26
934 0 move 30 31
934 1 move 19 25
935 0 move 30 30
935 1 pick 18 25
936 0 move 30 29
936 1 move 19 24
937 0 pick 31 29
937 1 move 19 23
938 0 move 30 28
938 1 move 19 22
939 0 move 30 27
939 1 move 19 21
940 0 pick 31 27
940 1 move 18 21
941 0 move 30 26
941 1 move 17 21
942 0 move 30 25
942 1 move 16 21
943 0 move 30 24
943 1 move 16 22
944 0 pick 31 24
944 1 move 16 23
945 0 pick 31 24
945 1 move 16 24
946 0 pick 31 24
946 1 move 16 25
947 0 pick 31 24
947 1 move 16 26
948 0 move 29 24
948 1 move 16 27
949 0 move 28 24
949 1 pick 17 27
950 0 move 27 24
950 1 pick 17 27
951 0 move 26 24
951 1 move 16 28
952 0 move 26 25
952 1 move 16 29
953 0 pick 25 25
953 1 pick 17 29
954 0 pick 25 25
954 1 move 16 30
955 0 move 26 24
955 1 move 16 31
956 0 move 26 23
956 1 move 16 32
957 0 move 26 22
957 1 move 16 33
958 0 move 26 21
958 1 move 16 34
959 0 move 26 20
959 1 move 16 35
960 0 move 26 19
960 1 move 16 36
961 0 move 26 18
961 1 move 16 37
962 0 move 26 17
962 1 move 16 38
963 0 move 26 16
963 1 move 16 39
964 0 move 26 15
964 1 fulfill 16 39
965 0 move 26 14
965 1 move 16 38
966 0 move 26 13
966 1 move 16 37
967 0 pick 25 13
967 1 move 16 36
968 0 move 26 12
968 1 move 16 35
969 0 move 26 11
969 1 move 16 34
970 0 move 26 10
970 1 move 16 33
971 0 move 26 9
971 1 pick 17 33
972 0 move 26 8
972 1 move 16 32
973 0 move 26 7
973 1 move 16 31
974 0 move 26 6
974 1 move 16 30
975 0 move 26 5
975 1 move 16 29
976 0 move 26 4
976 1 pick 17 29
977 0 move 26 3
977 1 pick 17 29
978 0 move 26 2
978 1 move 16 28
979 0 move 26 1
979 1 pick 17 28
980 0 move 26 0
980 1 pick 17 28
981 0 fulfill 26 0
981 1 move 16 29
982 0 move 26 1
982 1 move 16 30
983 0 move 26 2
983 1 move 16 31
984 0 move 26 3
984 1 move 16 32
985 0 move 26 4
985 1 move 17 32
986 0 move 26 5
986 1 move 18 32
987 0 move 26 6
987 1 move 19 32
988 0 move 26 7
988 1 move 19 31
989 0 pick 25 7
989 1 move 19 30
990 0 move 26 8
990 1 move 19 29
991 0 pick 25 8
991 1 move 19 28
992 0 pick 25 8
992 1 move 19 27
993 0 move 26 9
993 1 pick 18 27
994 0 move 26 10
994 1 pick 18 27
995 0 move 26 11
995 1 pick 18 27
996 0 move 26 12
996 1 pick 18 27
997 0 pick 25 12
997 1 move 19 26
998 0 pick 25 12
998 1 pick 18 26
999 0 move 26 13
999 1 pick 18 26
1000 0 move 26 14
1000 1 pick 18 26
1001 0 move 27 14
1001 1 move 19 25
1002 0 move 28 14
1002 1 pick 18 25
1003 0 move 29 14
1003 1 move 19 26
1004 0 move 30 14
1004 1 move 19 27
1005 0 pick 31 14
1005 1 move 19 28
1006 0 pick 31 14
1006 1 move 19 29
1007 0 pick 31 14
1007 1 move 19 30
1008 0 pick 31 14
1008 1 move 19 31
1009 0 move 30 15
1009 1 move 19 32
1010 0 pick 31 15
1010 1 move 19 33
1011 0 pick 31 15
1011 1 move 19 34
1012 0 pick 31 15
1012 1 move 19 35
1013 0 move 29 15
1013 1 move 19 36
1014 0 move 28 15
1014 1 move 19 37
1015 0 move 27 15
1015 1 move 19 38
1016 0 move 26 15
1016 1 move 19 39
1017 0 move 26 16
1017 1 fulfill 19 39
1018 0 move 25 16
1018 1 move 19 38
1019 0 move 24 16
1019 1 move 19 37
1020 0 move 24 17
1020 1 move 19 36
1021 0 move 24 18
1021 1 move 19 35
1022 0 move 24 19
1022 1 move 19 34
1023 0 move 24 20
1023 1 move 19 33
1024 0 move 24 21
1024 1 move 19 32
1025 0 pick 24 22
1025 1 move 19 31
1026 0 move 23 21
1026 1 move 19 30
1027 0 move 23 22
1027 1 move 19 29
1028 0 move 23 23
1028 1 move 19 28
1029 0 move 23 24
1029 1 move 19 27
1030 0 move 23 25
1030 1 pick 18 27
1031 0 move 23 26
1031 1 pick 18 27
1032 0 move 23 27
1032 1 move 19 26
1033 0 move 23 28
1033 1 pick 18 26
1034 0 move 23 29
1034 1 move 19 25
1035 0 move 23 30
1035 1 pick 18 25
1036 0 move 23 31
1036 1 move 19 26
1037 0 move 23 32
1037 1 move 19 27
1038 0 move 23 33
1038 1 move 19 28
1039 0 move 23 34
1039 1 move 19 29
1040 0 move 23 35
1040 1 move 19 30
1041 0 move 23 36
1041 1 move 19 31
1042 0 move 23 37
1042 1 move 19 32
1043 0 move 23 38
1043 1 move 18 32
1044 0 move 23 39
1044 1 move 17 32
1045 0 move 24 39
1045 1 move 16 32
1046 0 fulfill 24 39
1046 1 move 16 31
1047 0 move 23 39
1047 1 move 16 30
1048 0 move 22 39
1048 1 move 16 29
1049 0 move 21 39
1049 1 pick 17 29
1050 0 move 20 39
1050 1 move 15 29
1051 0 move 19 39
1051 1 move 14 29
1052 0 move 19 38
1052 1 move 13 29
1053 0 move 19 37
1053 1 move 12 29
1054 0 move 19 36
1054 1 move 12 30
1055 0 move 19 35
1055 1 move 12 31
1056 0 move 19 34
1056 1 move 12 32
1057 0 move 19 33
1057 1 move 11 32
1058 0 move 19 32
1058 1 move 10 32
1059 0 move 19 31
1059 1 move 9 32
1060 0 move 19 30
1060 1 move 9 31
1061 0 move 19 29
1061 1 move 9 30
1062 0 move 19 28
1062 1 move 9 29
1063 0 move 19 27
1063 1 move 9 28
1064 0 pick 18 27
1064 1 move 9 27
1065 0 pick 18 27
1065 1 pick 10 27
1066 0 pick 18 27
1066 1 move 9 26
1067 0 pick 18 27
1067 1 move 9 25
1068 0 pick 18 27
1068 1 move 9 24
1069 0 move 19 26
1069 1 move 9 23
1070 0 move 19 25
1070 1 move 9 22
1071 0 move 19 24
1071 1 move 9 21
1072 0 move 19 23
1072 1 move 9 20
1073 0 move 19 22
1073 1 move 9 19
1074 0 move 19 21
1074 1 move 9 18
1075 0 move 19 20
1075 1 move 9 17
1076 0 move 19 19
1076 1 move 9 16
1077 0 move 19 18
1077 1 move 9 15
1078 0 move 19 17
1078 1 pick 10 15
1079 0 move 19 16
1079 1 move 8 15
1080 0 move 19 15
1080 1 move 7 15
1081 0 move 19 14
1081 1 move 6 15
1082 0 move 19 13
1082 1 move 5 15
1083 0 move 19 12
1083 1 move 4 15
1084 0 pick 18 12
1084 1 move 3 15
1085 0 move 19 11
1085 1 move 2 15
1086 0 move 19 10
1086 1 move 1 15
1087 0 move 19 9
1087 1 move 0 15
1088 0 move 19 8
1088 1 fulfill 0 15
1089 0 move 19 7
1089 1 move 0 16
1090 0 move 19 6
1090 1 move 0 17
1091 0 move 19 5
1091 1 move 0 18
1092 0 move 19 4
1092 1 move 0 19
1093 0 move 19 3
1093 1 move 0 20
1094 0 move 19 2
1094 1 move 0 21
1095 0 move 19 1
1095 1 move 0 22
1096 0 move 19 0
1096 1 move 0 23
1097 0 fulfill 19 0
1097 1 move 1 23
1098 0 move 19 1
1098 1 move 2 23
1099 0 move 19 2
1099 1 move 3 23
1100 0 move 19 3
1100 1 move 4 23
1101 0 move 19 4
1101 1 move 5 23
1102 0 move 19 5
1102 1 move 6 23
1103 0 move 19 6
1103 1 move 7 23
1104 0 move 19 7
1104 1 move 8 23
1105 0 move 19 8
1105 1 move 9 23
1106 0 move 19 9
1106 1 pick 10 23
1107 0 move 19 10
1107 1 move 9 24
1108 0 move 19 11
1108 1 move 9 25
1109 0 move 19 12
1109 1 move 9 26
1110 0 pick 18 12
1110 1 move 9 27
1111 0 move 19 13
1111 1 move 9 28
1112 0 move 19 14
1112 1 move 9 29
1113 0 move 19 15
1113 1 pick 10 29
1114 0 move 19 16
1114 1 move 9 30
1115 0 move 18 16
1115 1 move 9 31
1116 0 move 17 16
1116 1 move 9 32
1117 0 move 16 16
1117 1 move 10 32
1118 0 move 16 15
1118 1 move 11 32
1119 0 move 16 14
1119 1 move 12 32
1120 0 move 16 13
1120 1 move 13 32
1121 0 move 16 12
1121 1 move 14 32
1122 0 move 16 11
1122 1 move 15 32
1123 0 pick 17 11
1123 1 move 16 32
1124 0 pick 17 11
1124 1 move 17 32
1125 0 pick 17 11
1125 1 move 18 32
1126 0 pick 17 11
1126 1 move 19 32
1127 0 pick 17 11
1127 1 move 19 31
1128 0 move 16 12
1128 1 move 19 30
1129 0 move 16 13
1129 1 move 19 29
1130 0 pick 17 13
1130 1 move 19 28
1131 0 pick 17 13
1131 1 move 19 27
1132 0 pick 17 13
1132 1 pick 18 27
1133 0 move 16 14
1133 1 pick 18 27
1134 0 move 16 15
1134 1 pick 18 27
1135 0 move 16 16
1135 1 move 19 28
1136 0 move 17 16
1136 1 move 19 29
1137 0 move 18 16
1137 1 move 19 30
1138 0 move 19 16
1138 1 move 19 31
1139 0 move 19 15
1139 1 move 19 32
1140 0 move 19 14
1140 1 move 18 32
1141 0 move 19 13
1141 1 move 17 32
1142 0 move 19 12
1142 1 move 16 32
1143 0 move 20 12
1143 1 move 16 33
1144 0 move 21 12
1144 1 move 16 34
1145 0 move 22 12
1145 1 pick 17 34
1146 0 move 23 12
1146 1 move 16 35
1147 0 pick 24 12
1147 1 move 16 36
1148 0 pick 24 12
1148 1 move 16 37
1149 0 pick 24 12
1149 1 move 16 38
1150 0 move 23 13
1150 1 move 16 39
1151 0 move 23 14
1151 1 fulfill 16 39
1152 0 move 23 15
1152 1 move 16 38
1153 0 move 23 16
1153 1 move 16 37
1154 0 move 23 17
1154 1 move 16 36
1155 0 move 23 18
1155 1 move 16 35
1156 0 move 23 19
1156 1 move 16 34
1157 0 move 23 20
1157 1 pick 17 34
1158 0 move 23 21
1158 1 move 15 34
1159 0 move 23 22
1159 1 move 14 34
1160 0 pick 24 22
1160 1 move 13 34
1161 0 move 23 23
1161 1 move 12 34
1162 0 move 23 24
1162 1 move 12 33
1163 0 move 23 25
1163 1 move 12 32
1164 0 move 23 26
1164 1 move 12 31
1165 0 move 23 27
1165 1 pick 11 31
1166 0 move 23 28
1166 1 move 12 30
1167 0 move 23 29
1167 1 move 12 29
1168 0 move 23 30
1168 1 move 12 28
1169 0 move 23 31
1169 1 pick 11 28
1170 0 move 23 32
1170 1 move 13 28
1171 0 move 23 33
1171 1 move 14 28
1172 0 move 23 34
1172 1 move 15 28
1173 0 move 23 35
1173 1 move 16 28
1174 0 move 23 36
1174 1 move 16 29
1175 0 move 23 37
1175 1 move 16 30
1176 0 move 23 38
1176 1 move 16 31
1177 0 move 23 39
1177 1 move 16 32
1178 0 fulfill 23 39
1178 1 move 17 32
1179 0 move 22 39
1179 1 move 18 32
1180 0 move 21 39
1180 1 move 19 32
1181 0 move 20 39
1181 1 move 19 31
1182 0 move 20 38
1182 1 move 19 30
1183 0 move 20 37
1183 1 move 19 29
1184 0 move 20 36
1184 1 move 19 28
1185 0 move 20 35
1185 1 move 19 27
1186 0 move 20 34
1186 1 pick 18 27
1187 0 move 20 33
1187 1 pick 18 27
1188 0 move 20 32
1188 1 pick 18 27
1189 0 move 20 31
1189 1 move 19 28
1190 0 move 20 30
1190 1 move 19 29
1191 0 move 20 29
1191 1 move 19 30
1192 0 move 19 29
1192 1 move 19 31
1193 0 move 19 28
1193 1 move 19 32
1194 0 move 19 27
1194 1 move 19 33
1195 0 pick 18 27
1195 1 move 19 34
1196 0 pick 18 27
1196 1 move 19 35
1197 0 pick 18 27
1197 1 move 19 36
1198 0 move 19 28
1198 1 move 19 37
1199 0 move 19 29
1199 1 move 19 38
1200 0 move 19 30
1200 1 move 19 39
1201 0 move 19 31
1201 1 fulfill 19 39
1202 0 move 19 32
1202 1 move 19 38
1203 0 move 18 32
1203 1 move 19 37
1204 0 move 17 32
1204 1 move 19 36
1205 0 move 16 32
1205 1 move 19 35
1206 0 move 16 31
1206 1 move 19 34
1207 0 move 16 30
1207 1 move 19 33
1208 0 move 16 29
1208 1 move 19 32
1209 0 pick 17 29
1209 1 move 19 31
1210 0 move 15 29
1210 1 move 19 30
1211 0 move 14 29
1211 1 move 19 29
1212 0 move 13 29
1212 1 pick 18 29
1213 0 move 12 29
1213 1 move 19 28
1214 0 move 12 30
1214 1 move 19 27
1215 0 move 12 31
1215 1 pick 18 27
1216 0 move 12 32
1216 1 pick 18 27
1217 0 move 11 32
1217 1 pick 18 27
1218 0 move 10 32
1218 1 pick 18 27
1219 0 move 9 32
1219 1 move 19 28
1220 0 move 9 31
1220 1 move 19 29
1221 0 move 9 30
1221 1 move 19 30
1222 0 move 9 29
1222 1 move 19 31
1223 0 move 9 28
1223 1 move 19 32
1224 0 move 9 27
1224 1 move 18 32
1225 0 pick 10 27
1225 1 move 17 32
1226 0 move 9 26
1226 1 move 16 32
1227 0 move 9 25
1227 1 move 16 31
1228 0 move 9 24
1228 1 move 16 30
1229 0 move 9 23
1229 1 move 16 29
1230 0 move 9 22
1230 1 move 16 28
1231 0 move 9 21
1231 1 move 16 27
1232 0 move 9 20
1232 1 pick 17 27
1233 0 move 9 19
1233 1 move 16 28
1234 0 move 9 18
1234 1 move 16 29
1235 0 move 9 17
1235 1 move 16 30
1236 0 move 9 16
1236 1 pick 17 30
1237 0 move 10 16
1237 1 move 16 31
1238 0 move 11 16
1238 1 move 16 32
1239 0 move 12 16
1239 1 move 16 33
1240 0 move 13 16
1240 1 move 16 34
1241 0 move 14 16
1241 1 move 16 35
1242 0 move 15 16
1242 1 move 16 36
1243 0 move 16 16
1243 1 move 16 37
1244 0 move 17 16
1244 1 move 16 38
1245 0 move 18 16
1245 1 move 16 39
1246 0 move 19 16
1246 1 fulfill 16 39
1247 0 move 19 15
1247 1 move 16 38
1248 0 move 19 14
1248 1 move 16 37
1249 0 move 19 13
1249 1 move 16 36
1250 0 move 19 12
1250 1 move 16 35
1251 0 pick 18 12
1251 1 move 16 34
1252 0 move 19 11
1252 1 move 16 33
1253 0 move 19 10
1253 1 move 16 32
1254 0 move 19 9
1254 1 move 16 31
1255 0 move 19 8
1255 1 move 16 30
1256 0 move 19 7
1256 1 move 16 29
1257 0 move 19 6
1257 1 pick 17 29
1258 0 move 19 5
1258 1 move 16 28
1259 0 move 19 4
1259 1 pick 17 28
1260 0 move 19 3
1260 1 move 16 27
1261 0 move 19 2
1261 1 move 16 26
1262 0 move 19 1
1262 1 pick 17 26
1263 0 move 19 0
1263 1 move 16 25
1264 0 fulfill 19 0
1264 1 move 16 24
1265 0 move 19 1
1265 1 pick 17 24
1266 0 move 19 2
1266 1 move 15 24
1267 0 move 19 3
1267 1 move 14 24
1268 0 move 19 4
1268 1 move 13 24
1269 0 move 19 5
1269 1 move 12 24
1270 0 move 19 6
1270 1 pick 11 24
1271 0 move 19 7
1271 1 move 13 24
1272 0 move 19 8
1272 1 move 14 24
1273 0 pick 18 8
1273 1 move 15 24
1274 0 move 19 9
1274 1 move 16 24
1275 0 move 19 10
1275 1 move 16 23
1276 0 move 20 10
1276 1 move 16 22
1277 0 move 21 10
1277 1 move 16 21
1278 0 move 22 10
1278 1 move 17 21
1279 0 move 23 10
1279 1 move 18 21
1280 0 pick 24 10
1280 1 move 19 21
1281 0 move 23 11
1281 1 move 19 22
1282 0 move 23 12
1282 1 move 19 23
1283 0 pick 24 12
1283 1 move 19 24
1284 0 pick 24 12
1284 1 move 19 25
1285 0 pick 24 12
1285 1 move 19 26
1286 0 move 23 11
1286 1 move 19 27
1287 0 move 23 10
1287 1 pick 18 27
1288 0 move 23 9
1288 1 pick 18 27
1289 0 move 23 8
1289 1 move 19 28
1290 0 move 23 7
1290 1 move 19 29
1291 0 move 23 6
1291 1 move 19 30
1292 0 move 23 5
1292 1 move 19 31
1293 0 move 24 5
1293 1 move 19 32
1294 0 move 25 5
1294 1 move 19 33
1295 0 move 26 5
1295 1 move 19 34
1296 0 move 26 6
1296 1 move 19 35
1297 0 move 26 7
1297 1 move 19 36
1298 0 move 26 8
1298 1 move 19 37
1299 0 move 26 9
1299 1 move 19 38
1300 0 pick 25 9
1300 1 move 19 39
1301 0 move 27 9
1301 1 fulfill 19 39
1302 0 move 28 9
1302 1 move 19 38
1303 0 move 29 9
1303 1 move 19 37
1304 0 move 30 9
1304 1 move 19 36
1305 0 move 30 8
1305 1 move 19 35
1306 0 move 30 7
1306 1 move 19 34
1307 0 move 30 6
1307 1 move 19 33
1308 0 move 30 5
1308 1 move 19 32
1309 0 move 31 5
1309 1 move 19 31
1310 0 move 32 5
1310 1 move 19 30
1311 0 move 33 5
1311 1 move 19 29
1312 0 move 33 6
1312 1 move 19 28
1313 0 move 33 7
1313 1 move 19 27
1314 0 move 33 8
1314 1 pick 18 27
1315 0 move 33 9
1315 1 pick 18 27
1316 0 move 34 9
1316 1 pick 18 27
1317 0 move 35 9
1317 1 move 19 26
1318 0 move 36 9
1318 1 pick 18 26
1319 0 move 37 9
1319 1 move 19 25
1320 0 pick 38 9
1320 1 move 19 24
1321 0 move 37 8
1321 1 move 19 23
1322 0 move 37 7
1322 1 move 19 22
1323 0 move 37 6
1323 1 move 19 21
1324 0 move 37 5
1324 1 move 18 21
1325 0 move 37 4
1325 1 move 17 21
1326 0 move 37 3
1326 1 move 16 21
1327 0 move 37 2
1327 1 move 16 22
1328 0 move 37 1
1328 1 move 16 23
1329 0 move 37 0
1329 1 move 16 24
1330 0 fulfill 37 0
1330 1 move 16 25
1331 0 move 37 1
1331 1 move 16 26
1332 0 pick 38 1
1332 1 pick 17 26
1333 0 move 37 2
1333 1 pick 17 26
1334 0 move 37 3
1334 1 move 16 25
1335 0 pick 38 3
1335 1 move 16 24
1336 0 move 37 4
1336 1 move 16 23
1337 0 move 38 4
1337 1 move 16 22
1338 0 pick 39 4
1338 1 move 16 21
1339 0 pick 39 4
1339 1 move 16 20
1340 0 move 37 4
1340 1 move 16 19
1341 0 move 37 5
1341 1 move 16 18
1342 0 move 37 6
1342 1 move 16 17
1343 0 move 37 7
1343 1 move 16 16
1344 0 pick 38 7
1344 1 move 17 16
1345 0 move 37 8
1345 1 move 18 16
1346 0 move 37 9
1346 1 move 19 16
1347 0 pick 38 9
1347 1 move 19 15
1348 0 move 37 10
1348 1 move 19 14
1349 0 move 37 11
1349 1 move 19 13
1350 0 pick 38 11
1350 1 move 19 12
1351 0 move 37 12
1351 1 pick 18 12
1352 0 move 37 13
1352 1 move 19 11
1353 0 move 37 14
1353 1 move 19 10
1354 0 move 37 15
1354 1 move 19 9
1355 0 move 37 16
1355 1 move 19 8
1356 0 move 38 16
1356 1 move 19 7
1357 0 move 39 16
1357 1 move 19 6
1358 0 move 40 16
1358 1 move 19 5
1359 0 move 40 15
1359 1 move 19 4
1360 0 move 40 14
1360 1 move 19 3
1361 0 move 40 13
1361 1 move 19 2
1362 0 move 40 12
1362 1 move 19 1
1363 0 move 40 11
1363 1 move 19 0
1364 0 pick 39 11
1364 1 fulfill 19 0
1365 0 pick 39 11
1365 1 move 19 1
1366 0 move 40 10
1366 1 move 19 2
1367 0 move 40 9
1367 1 move 19 3
1368 0 move 40 8
1368 1 move 19 4
1369 0 pick 39 8
1369 1 move 19 5
1370 0 pick 39 8
1370 1 move 19 6
1371 0 move 40 9
1371 1 move 19 7
1372 0 move 40 10
1372 1 pick 18 7
1373 0 move 40 11
1373 1 move 19 8
1374 0 move 40 12
1374 1 move 19 9
1375 0 move 40 13
1375 1 move 19 10
1376 0 move 40 14
1376 1 move 20 10
1377 0 move 40 15
1377 1 move 21 10
1378 0 move 40 16
1378 1 move 22 10
1379 0 move 39 16
1379 1 move 23 10
1380 0 move 38 16
1380 1 pick 24 10
1381 0 move 37 16
1381 1 move 23 11
1382 0 move 36 16
1382 1 move 23 12
1383 0 move 35 16
1383 1 pick 24 12
1384 0 move 34 16
1384 1 pick 24 12
1385 0 move 33 16
1385 1 pick 24 12
1386 0 move 32 16
1386 1 move 22 12
1387 0 move 31 16
1387 1 move 21 12
1388 0 move 30 16
1388 1 move 20 12
1389 0 move 29 16
1389 1 move 19 12
1390 0 move 28 16
1390 1 move 19 13
1391 0 move 27 16
1391 1 move 19 14
1392 0 move 26 16
1392 1 move 19 15
1393 0 move 26 15
1393 1 move 19 16
1394 0 move 26 14
1394 1 move 18 16
1395 0 move 26 13
1395 1 move 17 16
1396 0 move 26 12
1396 1 move 16 16
1397 0 move 26 11
1397 1 move 16 15
1398 0 pick 25 11
1398 1 move 16 14
1399 0 move 26 10
1399 1 move 16 13
1400 0 move 26 9
1400 1 move 16 12
1401 0 move 26 8
1401 1 move 16 11
1402 0 move 26 7
1402 1 pick 17 11
1403 0 move 26 6
1403 1 pick 17 11
1404 0 move 26 5
1404 1 move 16 12
1405 0 move 26 4
1405 1 move 16 13
1406 0 move 26 3
1406 1 move 16 14
1407 0 move 26 2
1407 1 move 16 15
1408 0 move 26 1
1408 1 move 16 16
1409 0 move 26 0
1409 1 move 16 17
1410 0 fulfill 26 0
1410 1 move 16 18
1411 0 move 26 1
1411 1 move 16 19
1412 0 move 26 2
1412 1 move 16 20
1413 0 move 26 3
1413 1 move 16 21
1414 0 move 26 4
1414 1 move 16 22
1415 0 move 26 5
1415 1 move 16 23
1416 0 move 26 6
1416 1 move 16 24
1417 0 move 26 7
1417 1 move 16 25
1418 0 move 26 8
1418 1 move 16 26
1419 0 pick 25 8
1419 1 move 16 27
1420 0 pick 25 8
1420 1 move 16 28
1421 0 pick 25 8
1421 1 move 16 29
1422 0 move 27 8
1422 1 pick 17 29
1423 0 move 28 8
1423 1 pick 17 29
1424 0 move 29 8
1424 1 move 16 30
1425 0 move 30 8
1425 1 move 16 31
1426 0 pick 31 8
1426 1 move 16 32
1427 0 move 30 9
1427 1 move 16 33
1428 0 pick 31 9
1428 1 move 16 34
1429 0 pick 31 9
1429 1 move 16 35
1430 0 move 30 8
1430 1 move 16 36
1431 0 move 30 7
1431 1 move 16 37
1432 0 pick 31 7
1432 1 move 16 38
1433 0 move 30 8
1433 1 move 16 39
1434 0 move 30 9
1434 1 fulfill 16 39
1435 0 move 30 10
1435 1 move 16 38
1436 0 move 30 11
1436 1 move 16 37
1437 0 move 30 12
1437 1 move 16 36
1438 0 move 30 13
1438 1 move 16 35
1439 0 move 30 14
1439 1 move 16 34
1440 0 move 30 15
1440 1 move 16 33
1441 0 pick 31 15
1441 1 move 16 32
1442 0 move 30 16
1442 1 move 16 31
1443 0 move 30 17
1443 1 pick 17 31
1444 0 move 30 18
1444 1 move 16 30
1445 0 move 30 19
1445 1 move 16 29
1446 0 move 30 20
1446 1 move 16 28
1447 0 move 30 21
1447 1 pick 17 28
1448 0 move 30 22
1448 1 pick 17 28
1449 0 move 30 23
1449 1 move 16 27
1450 0 move 30 24
1450 1 move 16 26
1451 0 move 30 25
1451 1 pick 17 26
1452 0 pick 31 25
1452 1 move 16 25
1453 0 move 29 25
1453 1 move 16 24
1454 0 move 28 25
1454 1 pick 17 24
1455 0 move 27 25
1455 1 move 16 23
1456 0 move 26 25
1456 1 pick 17 23
1457 0 move 26 24
1457 1 move 15 23
1458 0 pick 25 24
1458 1 move 14 23
1459 0 move 26 25
1459 1 move 13 23
1460 0 move 26 26
1460 1 move 12 23
1461 0 pick 25 26
1461 1 move 12 24
1462 0 move 26 27
1462 1 pick 11 24
1463 0 move 26 28
1463 1 move 12 23
1464 0 move 26 29
1464 1 move 12 22
1465 0 move 26 30
1465 1 move 12 21
1466 0 move 26 31
1466 1 move 11 21
1467 0 move 26 32
1467 1 move 10 21
1468 0 move 26 33
1468 1 move 9 21
1469 0 move 26 34
1469 1 move 9 22
1470 0 move 26 35
1470 1 move 9 23
1471 0 move 26 36
1471 1 pick 10 23
1472 0 move 26 37
1472 1 move 9 22
1473 0 move 26 38
1473 1 move 9 21
1474 0 move 26 39
1474 1 move 10 21
1475 0 fulfill 26 39
1475 1 move 11 21
1476 0 move 26 38
1476 1 move 12 21
1477 0 move 26 37
1477 1 move 13 21
1478 0 move 26 36
1478 1 move 14 21
1479 0 move 26 35
1479 1 move 15 21
1480 0 move 26 34
1480 1 move 16 21
1481 0 move 26 33
1481 1 move 17 21
1482 0 move 26 32
1482 1 move 18 21
1483 0 move 26 31
1483 1 move 19 21
1484 0 pick 25 31
1484 1 move 19 22
1485 0 pick 25 31
1485 1 move 19 23
1486 0 move 26 30
1486 1 move 19 24
1487 0 move 26 29
1487 1 move 19 25
1488 0 move 26 28
1488 1 move 19 26
1489 0 move 26 27
1489 1 move 19 27
1490 0 move 26 26
1490 1 pick 18 27
1491 0 pick 25 26
1491 1 pick 18 27
1492 0 move 26 25
1492 1 pick 18 27
1493 0 move 26 24
1493 1 move 19 28
1494 0 move 26 23
1494 1 move 19 29
1495 0 move 26 22
1495 1 move 19 30
1496 0 pick 25 22
1496 1 move 19 31
1497 0 move 27 22
1497 1 move 19 32
1498 0 move 28 22
1498 1 move 19 33
1499 0 move 29 22
1499 1 move 19 34
1500 0 move 30 22
1500 1 move 19 35
1501 0 pick 31 22
1501 1 move 19 36
1502 0 pick 31 22
1502 1 move 19 37
1503 0 pick 31 22
1503 1 move 19 38
1504 0 move 30 21
1504 1 move 19 39
1505 0 move 30 20
1505 1 fulfill 19 39
1506 0 move 30 19
1506 1 move 19 38
1507 0 move 30 18
1507 1 move 19 37
1508 0 move 30 17
1508 1 move 19 36
1509 0 move 30 16
1509 1 move 19 35
1510 0 move 31 16
1510 1 move 19 34
1511 0 move 32 16
1511 1 move 19 33
1512 0 move 33 16
1512 1 move 19 32
1513 0 move 33 15
1513 1 move 19 31
1514 0 move 33 14
1514 1 move 19 30
1515 0 pick 32 14
1515 1 move 19 29
1516 0 move 33 13
1516 1 pick 18 29
1517 0 move 33 12
1517 1 move 19 28
1518 0 move 33 11
1518 1 move 19 27
1519 0 move 33 10
1519 1 pick 18 27
1520 0 move 33 9
1520 1 pick 18 27
1521 0 move 33 8
1521 1 pick 18 27
1522 0 move 33 7
1522 1 pick 18 27
1523 0 move 33 6
1523 1 move 19 28
1524 0 move 33 5
1524 1 move 19 29
1525 0 move 33 4
1525 1 move 19 30
1526 0 move 33 3
1526 1 move 19 31
1527 0 move 33 2
1527 1 move 19 32
1528 0 move 33 1
1528 1 move 18 32
1529 0 move 33 0
1529 1 move 17 32
1530 0 fulfill 33 0
1530 1 move 16 32
1531 0 move 33 1
1531 1 move 16 31
1532 0 move 34 1
1532 1 move 16 30
1533 0 move 35 1
1533 1 move 16 29
1534 0 move 36 1
1534 1 move 16 28
1535 0 move 37 1
1535 1 move 16 27
1536 0 pick 38 1
1536 1 pick 17 27
1537 0 move 37 2
1537 1 pick 17 27
1538 0 move 37 3
1538 1 pick 17 27
1539 0 move 37 4
1539 1 pick 17 27
1540 0 move 37 5
1540 1 move 16 26
1541 0 move 38 5
1541 1 pick 17 26
1542 0 pick 39 5
1542 1 move 16 27
1543 0 move 37 5
1543 1 move 16 28
1544 0 move 37 6
1544 1 move 16 29
1545 0 move 37 7
1545 1 pick 17 29
1546 0 move 37 8
1546 1 move 16 28
1547 0 move 37 9
1547 1 move 16 27
1548 0 pick 38 9
1548 1 move 16 26
1549 0 move 37 10
1549 1 move 16 25
1550 0 move 37 11
1550 1 move 16 24
1551 0 move 37 12
1551 1 move 16 23
1552 0 pick 38 12
1552 1 move 16 22
1553 0 move 37 13
1553 1 pick 17 22
1554 0 move 37 14
1554 1 move 15 22
1555 0 move 37 15
1555 1 move 14 22
1556 0 move 37 16
1556 1 move 13 22
1557 0 move 38 16
1557 1 move 12 22
1558 0 move 39 16
1558 1 move 12 21
1559 0 move 40 16
1559 1 move 11 21
1560 0 move 40 15
1560 1 move 10 21
1561 0 move 40 14
1561 1 move 9 21
1562 0 move 40 13
1562 1 move 8 21
1563 0 move 40 12
1563 1 move 7 21
1564 0 move 40 11
1564 1 move 6 21
1565 0 pick 39 11
1565 1 move 5 21
1566 0 move 40 10
1566 1 move 4 21
1567 0 move 40 9
1567 1 move 3 21
1568 0 move 40 8
1568 1 move 2 21
1569 0 move 40 7
1569 1 move 1 21
1570 0 move 40 6
1570 1 move 0 21
1571 0 move 40 5
1571 1 move 0 22
1572 0 move 40 4
1572 1 fulfill 0 22
1573 0 move 40 3
1573 1 move 0 23
1574 0 move 40 2
1574 1 move 1 23
1575 0 move 40 1
1575 1 move 2 23
1576 0 move 40 0
1576 1 move 3 23
1577 0 fulfill 40 0
1577 1 move 4 23
1578 0 move 40 1
1578 1 move 5 23
1579 0 move 40 2
1579 1 move 6 23
1580 0 move 40 3
1580 1 move 7 23
1581 0 move 40 4
1581 1 move 8 23
1582 0 pick 39 4
1582 1 move 9 23
1583 0 move 40 5
1583 1 pick 10 23
1584 0 move 40 6
1584 1 move 9 24
1585 0 move 40 7
1585 1 pick 10 24
1586 0 pick 39 7
1586 1 pick 10 24
1587 0 move 40 8
1587 1 move 9 25
1588 0 move 40 9
1588 1 move 9 26
1589 0 pick 39 9
1589 1 pick 10 26
1590 0 move 40 10
1590 1 move 9 27
1591 0 move 40 11
1591 1 move 9 28
1592 0 pick 39 11
1592 1 move 9 29
1593 0 pick 39 11
1593 1 pick 10 29
1594 0 pick 39 11
1594 1 move 9 30
1595 0 move 40 12
1595 1 pick 10 30
1596 0 move 40 13
1596 1 move 9 31
1597 0 move 40 14
1597 1 move 9 32
1598 0 move 40 15
1598 1 move 10 32
1599 0 move 40 16
1599 1 move 11 32
1600 0 move 39 16
1600 1 move 12 32
1601 0 move 38 16
1601 1 move 12 31
1602 0 move 37 16
1602 1 move 13 31
1603 0 move 37 15
1603 1 move 14 31
1604 0 move 37 14
1604 1 move 15 31
1605 0 move 37 13
1605 1 move 16 31
1606 0 move 37 12
1606 1 pick 17 31
1607 0 pick 38 12
1607 1 move 16 32
1608 0 move 37 11
1608 1 move 17 32
1609 0 move 37 10
1609 1 move 18 32
1610 0 move 37 9
1610 1 move 19 32
1611 0 move 37 8
1611 1 move 19 31
1612 0 move 37 7
1612 1 move 19 30
1613 0 move 37 6
1613 1 move 19 29
1614 0 move 37 5
1614 1 move 19 28
1615 0 move 37 4
1615 1 move 19 27
1616 0 move 37 3
1616 1 pick 18 27
1617 0 move 37 2
1617 1 pick 18 27
1618 0 move 37 1
1618 1 move 19 26
1619 0 move 37 0
1619 1 move 19 25
1620 0 fulfill 37 0
1620 1 move 19 24
1621 0 move 37 1
1621 1 move 19 23
1622 0 move 37 2
1622 1 move 19 22
1623 0 move 37 3
1623 1 move 19 21
1624 0 move 37 4
1624 1 move 19 20
1625 0 move 37 5
1625 1 move 19 19
1626 0 move 37 6
1626 1 move 19 18
1627 0 pick 38 6
1627 1 move 19 17
1628 0 move 37 7
1628 1 move 19 16
1629 0 pick 38 7
1629 1 move 19 15
1630 0 move 37 8
1630 1 move 19 14
1631 0 move 37 9
1631 1 move 19 13
1632 0 move 37 10
1632 1 move 19 12
1633 0 pick 38 10
1633 1 pick 18 12
1634 0 pick 38 10
1634 1 move 19 11
1635 0 move 37 11
1635 1 move 19 10
1636 0 move 37 12
1636 1 move 19 9
1637 0 move 37 13
1637 1 move 19 8
1638 0 move 37 14
1638 1 move 19 7
1639 0 move 37 15
1639 1 move 19 6
1640 0 move 37 16
1640 1 move 19 5
1641 0 move 38 16
1641 1 move 19 4
1642 0 move 39 16
1642 1 move 19 3
1643 0 move 40 16
1643 1 move 19 2
1644 0 move 40 15
1644 1 move 19 1
1645 0 move 40 14
1645 1 move 19 0
1646 0 move 40 13
1646 1 fulfill 19 0
1647 0 move 40 12
1647 1 move 19 1
1648 0 move 40 11
1648 1 move 19 2
1649 0 pick 39 11
1649 1 move 19 3
1650 0 pick 39 11
1650 1 move 19 4
1651 0 pick 39 11
1651 1 move 19 5
1652 0 pick 39 11
1652 1 move 19 6
1653 0 move 40 12
1653 1 move 19 7
1654 0 pick 39 12
1654 1 move 19 8
1655 0 move 40 11
1655 1 pick 18 8
1656 0 move 40 10
1656 1 move 19 9
1657 0 move 40 9
1657 1 move 19 10
1658 0 move 40 8
1658 1 pick 18 10
1659 0 pick 39 8
1659 1 move 20 10
1660 0 move 40 9
1660 1 move 21 10
1661 0 move 40 10
1661 1 move 22 10
1662 0 move 40 11
1662 1 move 23 10
1663 0 move 40 12
1663 1 pick 24 10
1664 0 move 40 13
1664 1 move 23 11
1665 0 move 40 14
1665 1 move 23 12
1666 0 move 40 15
1666 1 pick 24 12
1667 0 move 40 16
1667 1 pick 24 12
1668 0 move 39 16
1668 1 pick 24 12
1669 0 move 38 16
1669 1 move 22 12
1670 0 move 37 16
1670 1 move 21 12
1671 0 move 36 16
1671 1 move 20 12
1672 0 move 35 16
1672 1 move 19 12
1673 0 move 34 16
1673 1 move 19 13
1674 0 move 33 16
1674 1 move 19 14
1675 0 move 32 16
1675 1 move 19 15
1676 0 move 31 16
1676 1 move 19 16
1677 0 move 30 16
1677 1 move 18 16
1678 0 move 29 16
1678 1 move 17 16
1679 0 move 28 16
1679 1 move 16 16
1680 0 move 27 16
1680 1 move 16 15
1681 0 move 26 16
1681 1 move 16 14
1682 0 move 26 15
1682 1 move 16 13
1683 0 move 26 14
1683 1 move 16 12
1684 0 move 26 13
1684 1 move 16 11
1685 0 move 26 12
1685 1 pick 17 11
1686 0 move 26 11
1686 1 move 16 10
1687 0 pick 25 11
1687 1 move 16 9
1688 0 move 26 10
1688 1 move 16 8
1689 0 move 26 9
1689 1 move 16 7
1690 0 move 26 8
1690 1 move 16 6
1691 0 move 26 7
1691 1 move 16 5
1692 0 move 26 6
1692 1 move 16 4
1693 0 move 26 5
1693 1 move 16 3
1694 0 move 26 4
1694 1 move 16 2
1695 0 move 26 3
1695 1 move 16 1
1696 0 move 26 2
1696 1 move 16 0
1697 0 move 26 1
1697 1 fulfill 16 0
1698 0 move 26 0
1698 1 move 16 1
1699 0 fulfill 26 0
1699 1 move 16 2
1700 0 move 26 1
1700 1 move 16 3
1701 0 move 26 2
1701 1 move 16 4
1702 0 move 26 3
1702 1 move 16 5
1703 0 move 26 4
1703 1 move 17 5
1704 0 move 26 5
1704 1 move 18 5
1705 0 move 26 6
1705 1 pick 18 6
1706 0 move 26 7
1706 1 move 19 5
1707 0 pick 25 7
1707 1 move 19 6
1708 0 move 26 8
1708 1 move 19 7
1709 0 pick 25 8
1709 1 move 19 8
1710 0 pick 25 8
1710 1 move 19 9
1711 0 move 26 9
1711 1 move 19 10
1712 0 pick 25 9
1712 1 pick 18 10
1713 0 move 26 10
1713 1 move 19 9
1714 0 move 26 11
1714 1 move 19 8
1715 0 pick 25 11
1715 1 move 19 7
1716 0 move 26 10
1716 1 move 19 6
1717 0 move 26 9
1717 1 move 19 5
1718 0 move 27 9
1718 1 move 18 5
1719 0 move 28 9
1719 1 move 17 5
1720 0 move 29 9
1720 1 move 16 5
1721 0 move 30 9
1721 1 move 16 6
1722 0 pick 31 9
1722 1 move 16 7
1723 0 pick 31 9
1723 1 move 16 8
1724 0 move 30 10
1724 1 move 16 9
1725 0 move 30 11
1725 1 move 16 10
1726 0 move 30 12
1726 1 move 16 11
1727 0 move 30 13
1727 1 pick 17 11
1728 0 move 30 14
1728 1 pick 17 11
1729 0 move 30 15
1729 1 pick 17 11
1730 0 pick 31 15
1730 1 pick 17 11
1731 0 pick 31 15
1731 1 move 16 12
1732 0 pick 31 15
1732 1 move 16 13
1733 0 move 30 16
1733 1 move 16 14
1734 0 move 31 16
1734 1 move 16 15
1735 0 move 32 16
1735 1 move 16 16
1736 0 move 33 16
1736 1 move 17 16
1737 0 move 33 15
1737 1 move 18 16
1738 0 move 33 14
1738 1 move 19 16
1739 0 move 33 13
1739 1 move 19 15
1740 0 pick 32 13
1740 1 pick 18 15
1741 0 move 33 12
1741 1 move 19 14
1742 0 move 33 11
1742 1 move 19 13
1743 0 move 33 10
1743 1 move 19 12
1744 0 move 33 9
1744 1 move 20 12
1745 0 move 33 8
1745 1 move 21 12
1746 0 move 33 7
1746 1 move 22 12
1747 0 move 33 6
1747 1 move 23 12
1748 0 move 33 5
1748 1 pick 24 12
1749 0 move 33 4
1749 1 pick 24 12
1750 0 move 33 3
1750 1 pick 24 12
1751 0 move 33 2
1751 1 pick 24 12
1752 0 move 33 1
1752 1 pick 24 12
1753 0 move 33 0
1753 1 move 23 13
1754 0 fulfill 33 0
1754 1 move 23 14
1755 0 move 33 1
1755 1 move 23 15
1756 0 move 33 2
1756 1 move 23 16
1757 0 move 34 2
1757 1 move 23 17
1758 0 move 35 2
1758 1 move 23 18
1759 0 move 36 2
1759 1 move 23 19
1760 0 move 37 2
1760 1 move 23 20
1761 0 move 38 2
1761 1 move 23 21
1762 0 pick 39 2
1762 1 move 23 22
1763 0 move 37 2
1763 1 pick 24 22
1764 0 move 37 3
1764 1 move 23 23
1765 0 move 37 4
1765 1 move 23 24
1766 0 move 37 5
1766 1 move 23 25
1767 0 move 38 5
1767 1 move 23 26
1768 0 pick 39 5
1768 1 move 23 27
1769 0 pick 39 5
1769 1 move 23 28
1770 0 move 37 5
1770 1 move 23 29
1771 0 move 37 6
1771 1 move 23 30
1772 0 move 37 7
1772 1 move 23 31
1773 0 move 37 8
1773 1 move 23 32
1774 0 move 37 9
1774 1 move 23 33
1775 0 pick 38 9
1775 1 move 23 34
1776 0 pick 38 9
1776 1 move 23 35
1777 0 pick 38 9
1777 1 move 23 36
1778 0 move 37 10
1778 1 move 23 37
1779 0 move 37 11
1779 1 move 23 38
1780 0 move 37 12
1780 1 move 23 39
1781 0 move 37 13
1781 1 fulfill 23 39
1782 0 move 37 14
1782 1 move 22 39
1783 0 move 37 15
1783 1 move 21 39
1784 0 move 37 16
1784 1 move 20 39
1785 0 move 38 16
1785 1 move 19 39
1786 0 move 39 16
1786 1 move 19 38
1787 0 move 40 16
1787 1 move 19 37
1788 0 move 40 15
1788 1 move 19 36
1789 0 move 40 14
1789 1 move 19 35
1790 0 move 40 13
1790 1 move 19 34
1791 0 move 40 12
1791 1 move 19 33
1792 0 move 40 11
1792 1 move 18 33
1793 0 move 40 10
1793 1 pick 17 33
1794 0 move 40 9
1794 1 move 18 32
1795 0 pick 39 9
1795 1 pick 18 31
1796 0 move 40 8
1796 1 move 17 32
1797 0 pick 39 8
1797 1 pick 17 31
1798 0 pick 39 8
1798 1 move 16 32
1799 0 move 40 9
1799 1 move 16 31
1800 0 move 40 10
1800 1 move 16 30
1801 0 move 40 11
1801 1 move 16 29
1802 0 pick 39 11
1802 1 pick 17 29
1803 0 pick 39 11
1803 1 move 16 30
1804 0 pick 39 11
1804 1 move 16 31
1805 0 pick 39 11
1805 1 move 16 32
1806 0 pick 39 11
1806 1 move 17 32
1807 0 move 40 12
1807 1 move 18 32
1808 0 move 40 13
1808 1 move 19 32
1809 0 move 40 14
1809 1 move 19 31
1810 0 move 40 15
1810 1 move 19 30
1811 0 move 40 16
1811 1 move 19 29
1812 0 move 39 16
1812 1 pick 18 29
1813 0 move 38 16
1813 1 move 19 28
1814 0 move 37 16
1814 1 move 19 27
1815 0 move 37 15
1815 1 pick 18 27
1816 0 move 37 14
1816 1 pick 18 27
1817 0 move 37 13
1817 1 move 19 28
1818 0 move 37 12
1818 1 move 19 29
1819 0 pick 38 12
1819 1 move 19 30
1820 0 move 37 11
1820 1 move 19 31
1821 0 move 37 10
1821 1 move 19 32
1822 0 move 37 9
1822 1 move 19 33
1823 0 move 37 8
1823 1 move 19 34
1824 0 move 37 7
1824 1 move 19 35
1825 0 move 37 6
1825 1 move 19 36
1826 0 move 37 5
1826 1 move 19 37
1827 0 move 37 4
1827 1 move 19 38
1828 0 move 37 3
1828 1 move 19 39
1829 0 move 37 2
1829 1 fulfill 19 39
1830 0 move 37 1
1830 1 move 18 39
1831 0 move 37 0
1831 1 move 18 38
1832 0 fulfill 37 0
1832 1 move 18 37
1833 1 move 18 36
1834 1 move 18 35
1835 1 pick 17 35
1836 1 move 18 36
1837 1 move 17 36
1838 1 move 16 36
1839 1 move 16 35
1840 1 move 16 34
1841 1 pick 17 34
1842 1 move 16 33
1843 1 move 16 32
1844 1 move 16 31
1845 1 move 16 30
1846 1 move 16 29
1847 1 move 16 28
1848 1 pick 17 28
1849 1 pick 17 28
1850 1 move 16 27
1851 1 move 16 26
1852 1 move 16 25
1853 1 move 16 24
1854 1 pick 17 24
1855 1 pick 17 24
1856 1 move 15 24
1857 1 move 14 24
1858 1 move 13 24
1859 1 move 12 24
1860 1 pick 11 24
1861 1 move 12 23
1862 1 move 12 22
1863 1 move 12 21
1864 1 move 11 21
1865 1 move 10 21
1866 1 move 10 20
1867 1 move 10 19
1868 1 move 10 18
1869 1 move 10 17
1870 1 move 10 16
1871 1 pick 10 15
1872 1 move 9 16
1873 1 move 9 15
1874 1 move 9 14
1875 1 move 9 13
1876 1 move 9 12
1877 1 move 9 11
1878 1 move 9 10
1879 1 move 9 9
1880 1 move 9 8
1881 1 move 9 7
1882 1 move 9 6
1883 1 pick 10 6
1884 1 pick 10 6
1885 1 pick 10 6
1886 1 move 9 5
1887 1 move 10 5
1888 1 move 11 5
1889 1 move 12 5
1890 1 move 13 5
1891 1 move 14 5
1892 1 move 15 5
1893 1 move 16 5
1894 1 move 17 5
1895 1 move 18 5
1896 1 move 19 5
1897 1 move 19 6
1898 1 move 19 7
1899 1 move 19 8
1900 1 move 19 9
1901 1 move 19 10
1902 1 move 19 11
1903 1 move 19 12
1904 1 pick 18 12
1905 1 move 19 11
1906 1 move 19 10
1907 1 move 19 9
1908 1 move 19 8
1909 1 move 19 7
1910 1 move 19 6
1911 1 move 19 5
1912 1 move 19 4
1913 1 move 19 3
1914 1 move 19 2
1915 1 move 19 1
1916 1 move 19 0
1917 1 fulfill 19 0
1918 1 move 19 1
1919 1 move 19 2
1920 1 move 19 3
1921 1 move 19 4
1922 1 move 19 5
1923 1 move 19 6
1924 1 move 19 7
1925 1 pick 18 7
1926 1 move 19 8
1927 1 move 19 9
1928 1 move 19 10
1929 1 move 19 11
1930 1 move 19 12
1931 1 pick 18 12
1932 1 pick 18 12
1933 1 move 20 12
1934 1 move 21 12
1935 1 move 22 12
1936 1 move 23 12
1937 1 pick 24 12
1938 1 pick 24 12
1939 1 pick 24 12
1940 1 move 23 11
1941 1 move 23 10
1942 1 move 23 9
1943 1 move 23 8
1944 1 move 23 7
1945 1 move 23 6
1946 1 move 23 5
1947 1 move 24 5
1948 1 move 25 5
1949 1 move 26 5
1950 1 move 26 6
1951 1 move 26 7
1952 1 move 26 8
1953 1 move 26 9
1954 1 pick 25 9
1955 1 move 27 9
1956 1 move 28 9
1957 1 move 29 9
1958 1 move 30 9
1959 1 pick 31 9
1960 1 move 30 10
1961 1 move 30 11
1962 1 move 30 12
1963 1 move 30 13
1964 1 move 30 14
1965 1 move 30 15
1966 1 pick 31 15
1967 1 move 30 14
1968 1 move 30 13
1969 1 move 30 12
1970 1 move 30 11
1971 1 move 30 10
1972 1 move 30 9
1973 1 move 30 8
1974 1 move 30 7
1975 1 move 30 6
1976 1 move 30 5
1977 1 move 30 4
1978 1 move 30 3
1979 1 move 30 2
1980 1 move 30 1
1981 1 move 30 0
1982 1 fulfill 30 0
1983 1 move 30 1
1984 1 move 30 2
1985 1 move 30 3
1986 1 move 30 4
1987 1 move 30 5
1988 1 move 30 6
1989 1 move 30 7
1990 1 pick 31 7
1991 1 move 30 8
1992 1 move 30 9
1993 1 pick 31 9
1994 1 pick 31 9
1995 1 move 29 9
1996 1 move 28 9
1997 1 move 27 9
1998 1 move 26 9
1999 1 move 26 8
2000 1 pick 25 8
2001 1 pick 25 8
2002 1 pick 25 8
2003 1 pick 25 8
2004 1 pick 25 8
2005 1 pick 25 8
2006 1 move 26 9
2007 1 move 26 10
2008 1 move 26 11
2009 1 pick 25 11
2010 1 move 26 12
2011 1 move 26 13
2012 1 move 26 14
2013 1 pick 25 14
2014 1 move 26 15
2015 1 move 27 15
2016 1 move 28 15
2017 1 move 29 15
2018 1 move 30 15
2019 1 pick 31 15
2020 1 move 29 15
2021 1 move 28 15
2022 1 move 27 15
2023 1 move 26 15
2024 1 move 26 16
2025 1 move 25 16
2026 1 move 24 16
2027 1 move 23 16
2028 1 move 22 16
2029 1 move 21 16
2030 1 move 20 16
2031 1 move 19 16
2032 1 move 19 15
2033 1 pick 18 15
2034 1 move 19 14
2035 1 move 19 13
2036 1 move 19 12
2037 1 move 19 11
2038 1 move 19 10
2039 1 move 19 9
2040 1 move 19 8
2041 1 move 19 7
2042 1 move 19 6
2043 1 move 19 5
2044 1 move 19 4
2045 1 move 19 3
2046 1 move 19 2
2047 1 move 19 1
2048 1 move 19 0
2049 1 fulfill 19 0
